***
CARRO: TR-07
PISTA: 
PILOTO: fs
TEMPERATURA AMBIENTE: vs
ANTIROLL: sdv
PRESSAO PNEUS DIANTEIROS: 
PRESSAO PNEUS TASEIROS: 
ANGULO DE ATAQUE DA ASA: d
MAPA MOTOR: 5550
BALANCE BAR: dd
DIFERENCIAL: sdv
TAXA DE AQUISICAO: 
COMENTARIOS: hhhhhhh
POSICAO MAXIMA DO VOLANTE: 1000
POSICAO MINIMA DO VOLANTE: 50
SUSPENSAO: 
PACOTE1 40 acelX_DD acelY_DD acelZ_DD acelX_DE acelY_DE acelZ_DE acelX_TD acelY_TD acelZ_TD acelX_TE acelY_TE acelZ_TE velDE velDD velTE velTD rpm beacon time
PACOTE2 20 tps oleoP fuelP injectors suspDE suspDD suspTE suspTD volPos correnteBat correnteVent correnteBomba frontBrakeP rearBrakeP time2
PACOTE3 2 batVoltage ect oilTemp tempDiscoDE tempDiscoDD tempDiscoTE tempDiscoTD tempVent tempBomba runners releVent releBomba mata gpsLat gpsLong gpsNS gpsEW time3
PACOTE4 20 ext1 ext2 ext3 ext4 ext5 ext6 ext7 ext8 ext9 ext10 ext11 ext12 time4
***

4 0 0 0 0 16745716 0 0 0 0 0 0 0 134
1 31786 31786 31786 -31786 -31786 -31786 0 0 0 0 0 0 0 0 0 0 0 0 135
1 31536 31536 31536 -31536 -31536 -31536 0 0 0 0 0 0 0 0 0 0 0 0 136
2 0 27200 408 0 0 0 0 0 0 0 0 0 0 0 136
4 0 0 0 0 16746224 0 0 0 0 0 0 0 136
1 31286 31286 31286 -31286 -31286 -31286 0 0 0 0 0 0 0 0 0 0 0 0 137
1 31036 31036 31036 -31036 -31036 -31036 0 0 0 0 0 0 0 0 0 0 0 0 138
2 0 27600 414 0 0 0 0 0 0 0 0 0 0 0 138
4 0 0 0 0 16746732 0 0 0 0 0 0 0 138
1 30786 30786 30786 -30786 -30786 -30786 0 0 0 0 0 0 0 0 0 0 0 0 139
1 30536 30536 30536 -30536 -30536 -30536 0 0 0 0 0 0 0 0 0 0 0 0 140
2 0 28000 420 0 0 0 0 0 0 0 0 0 0 0 140
4 0 0 0 0 16747240 0 0 0 0 0 0 0 140
3 0 700 0 0 0 0 0 0 0 0 0 0 0 0 0 78 69 140
1 30286 30286 30286 -30286 -30286 -30286 0 0 0 0 0 0 0 0 0 0 0 0 141
1 30036 30036 30036 -30036 -30036 -30036 0 0 0 0 0 0 0 0 0 0 0 0 142
2 0 28400 426 0 0 0 0 0 0 0 0 0 0 0 142
4 0 0 0 0 16747748 0 0 0 0 0 0 0 142
1 29786 29786 29786 -29786 -29786 -29786 0 0 0 0 0 0 0 0 0 0 0 0 143
1 29536 29536 29536 -29536 -29536 -29536 0 0 0 0 0 0 0 0 0 0 0 0 144
2 0 28800 432 0 0 0 0 0 0 0 0 0 0 0 144
4 0 0 0 0 16748256 0 0 0 0 0 0 0 144
1 29286 29286 29286 -29286 -29286 -29286 0 0 0 0 0 0 0 0 0 0 0 0 145
1 29036 29036 29036 -29036 -29036 -29036 0 0 0 0 0 0 0 0 0 0 0 0 146
2 0 29200 438 0 0 0 0 0 0 0 0 0 0 0 146
4 0 0 0 0 16748764 0 0 0 0 0 0 0 146
1 28786 28786 28786 -28786 -28786 -28786 0 0 0 0 0 0 0 0 0 0 0 0 147
1 28536 28536 28536 -28536 -28536 -28536 0 0 0 0 0 0 0 0 0 0 0 0 148
2 0 29600 444 0 0 0 0 0 0 0 0 0 0 0 148
4 0 0 0 0 16749272 0 0 0 0 0 0 0 148
1 28286 28286 28286 -28286 -28286 -28286 0 0 0 0 0 0 0 0 0 0 0 0 149
1 28036 28036 28036 -28036 -28036 -28036 0 0 0 0 0 0 0 0 0 0 0 0 150
2 0 30000 450 0 0 0 0 0 0 0 0 0 0 0 150
4 0 0 0 0 16749780 0 0 0 0 0 0 0 150
1 27786 27786 27786 -27786 -27786 -27786 0 0 0 0 0 0 0 0 0 0 0 0 151
1 27536 27536 27536 -27536 -27536 -27536 0 0 0 0 0 0 0 0 0 0 0 0 152
2 0 30400 456 0 0 0 0 0 0 0 0 0 0 0 152
4 0 0 0 0 16750288 0 0 0 0 0 0 0 152
1 27286 27286 27286 -27286 -27286 -27286 0 0 0 0 0 0 0 0 0 0 0 0 153
1 27036 27036 27036 -27036 -27036 -27036 0 0 0 0 0 0 0 0 0 0 0 0 154
2 0 30800 462 0 0 0 0 0 0 0 0 0 0 0 154
4 0 0 0 0 16750796 0 0 0 0 0 0 0 154
1 26786 26786 26786 -26786 -26786 -26786 0 0 0 0 0 0 0 0 0 0 0 0 155
1 26536 26536 26536 -26536 -26536 -26536 0 0 0 0 0 0 0 0 0 0 0 0 156
2 0 31200 468 0 0 0 0 0 0 0 0 0 0 0 156
4 0 0 0 0 16751304 0 0 0 0 0 0 0 156
1 26286 26286 26286 -26286 -26286 -26286 0 0 0 0 0 0 0 0 0 0 0 0 157
1 26036 26036 26036 -26036 -26036 -26036 0 0 0 0 0 0 0 0 0 0 0 0 158
2 0 31600 474 0 0 0 0 0 0 0 0 0 0 0 158
4 0 0 0 0 16751812 0 0 0 0 0 0 0 158
1 25786 25786 25786 -25786 -25786 -25786 0 0 0 0 0 0 0 0 0 0 0 0 159
1 25536 25536 25536 -25536 -25536 -25536 0 0 0 0 0 0 0 0 0 0 0 0 160
2 0 32000 480 0 0 0 0 0 0 0 0 0 0 0 160
4 0 0 0 0 16752320 0 0 0 0 0 0 0 160
3 0 800 0 0 0 0 0 0 0 0 0 0 0 0 0 78 69 160
1 25286 25286 25286 -25286 -25286 -25286 0 0 0 0 0 0 0 0 0 0 0 0 161
1 25036 25036 25036 -25036 -25036 -25036 0 0 0 0 0 0 0 0 0 0 0 0 162
2 0 32400 486 0 0 0 0 0 0 0 0 0 0 0 162
4 0 0 0 0 16752828 0 0 0 0 0 0 0 162
1 24786 24786 24786 -24786 -24786 -24786 0 0 0 0 0 0 0 0 0 0 0 0 163
1 24536 24536 24536 -24536 -24536 -24536 0 0 0 0 0 0 0 0 0 0 0 0 164
2 0 32800 492 0 0 0 0 0 0 0 0 0 0 0 164
4 0 0 0 0 16753336 0 0 0 0 0 0 0 164
1 24286 24286 24286 -24286 -24286 -24286 0 0 0 0 0 0 0 0 0 0 0 0 165
1 24036 24036 24036 -24036 -24036 -24036 0 0 0 0 0 0 0 0 0 0 0 0 166
2 0 33200 498 0 0 0 0 0 0 0 0 0 0 0 166
4 0 0 0 0 16753844 0 0 0 0 0 0 0 166
1 23786 23786 23786 -23786 -23786 -23786 0 0 0 0 0 0 0 0 0 0 0 0 167
1 23536 23536 23536 -23536 -23536 -23536 0 0 0 0 0 0 0 0 0 0 0 0 168
2 0 33600 504 0 0 0 0 0 0 0 0 0 0 0 168
4 0 0 0 0 16754352 0 0 0 0 0 0 0 168
1 23286 23286 23286 -23286 -23286 -23286 0 0 0 0 0 0 0 0 0 0 0 0 169
1 23036 23036 23036 -23036 -23036 -23036 0 0 0 0 0 0 0 0 0 0 0 0 170
2 0 34000 510 0 0 0 0 0 0 0 0 0 0 0 170
4 0 0 0 0 16754860 0 0 0 0 0 0 0 170
1 22786 22786 22786 -22786 -22786 -22786 0 0 0 0 0 0 0 0 0 0 0 0 171
1 22536 22536 22536 -22536 -22536 -22536 0 0 0 0 0 0 0 0 0 0 0 0 172
2 0 34400 516 0 0 0 0 0 0 0 0 0 0 0 172
4 0 0 0 0 16755368 0 0 0 0 0 0 0 172
1 22286 22286 22286 -22286 -22286 -22286 0 0 0 0 0 0 0 0 0 0 0 0 173
1 22036 22036 22036 -22036 -22036 -22036 0 0 0 0 0 0 0 0 0 0 0 0 174
2 0 34800 522 0 0 0 0 0 0 0 0 0 0 0 174
4 0 0 0 0 16755876 0 0 0 0 0 0 0 174
1 21786 21786 21786 -21786 -21786 -21786 0 0 0 0 0 0 0 0 0 0 0 0 175
1 21536 21536 21536 -21536 -21536 -21536 0 0 0 0 0 0 0 0 0 0 0 0 176
2 0 35200 528 0 0 0 0 0 0 0 0 0 0 0 176
4 0 0 0 0 16756384 0 0 0 0 0 0 0 176
1 21286 21286 21286 -21286 -21286 -21286 0 0 0 0 0 0 0 0 0 0 0 0 177
1 21036 21036 21036 -21036 -21036 -21036 0 0 0 0 0 0 0 0 0 0 0 0 178
2 0 35600 534 0 0 0 0 0 0 0 0 0 0 0 178
4 0 0 0 0 16756892 0 0 0 0 0 0 0 178
1 20786 20786 20786 -20786 -20786 -20786 0 0 0 0 0 0 0 0 0 0 0 0 179
1 20536 20536 20536 -20536 -20536 -20536 0 0 0 0 0 0 0 0 0 0 0 0 180
2 0 36000 540 0 0 0 0 0 0 0 0 0 0 0 180
4 0 0 0 0 16757400 0 0 0 0 0 0 0 180
3 0 900 0 0 0 0 0 0 0 0 0 0 0 0 0 78 69 180
1 20286 20286 20286 -20286 -20286 -20286 0 0 0 0 0 0 0 0 0 0 0 0 181
1 20036 20036 20036 -20036 -20036 -20036 0 0 0 0 0 0 0 0 0 0 0 0 182
2 0 36400 546 0 0 0 0 0 0 0 0 0 0 0 182
4 0 0 0 0 16757908 0 0 0 0 0 0 0 182
1 19786 19786 19786 -19786 -19786 -19786 0 0 0 0 0 0 0 0 0 0 0 0 183
1 19536 19536 19536 -19536 -19536 -19536 0 0 0 0 0 0 0 0 0 0 0 0 184
2 0 36800 552 0 0 0 0 0 0 0 0 0 0 0 184
4 0 0 0 0 16758416 0 0 0 0 0 0 0 184
1 19286 19286 19286 -19286 -19286 -19286 0 0 0 0 0 0 0 0 0 0 0 0 185
1 19036 19036 19036 -19036 -19036 -19036 0 0 0 0 0 0 0 0 0 0 0 0 186
2 0 37200 558 0 0 0 0 0 0 0 0 0 0 0 186
4 0 0 0 0 16758924 0 0 0 0 0 0 0 186
1 18786 18786 18786 -18786 -18786 -18786 0 0 0 0 0 0 0 0 0 0 0 0 187
1 18536 18536 18536 -18536 -18536 -18536 0 0 0 0 0 0 0 0 0 0 0 0 188
2 0 37600 564 0 0 0 0 0 0 0 0 0 0 0 188
4 0 0 0 0 16759432 0 0 0 0 0 0 0 188
1 18286 18286 18286 -18286 -18286 -18286 0 0 0 0 0 0 0 0 0 0 0 0 189
1 18036 18036 18036 -18036 -18036 -18036 0 0 0 0 0 0 0 0 0 0 0 0 190
2 0 38000 570 0 0 0 0 0 0 0 0 0 0 0 190
4 0 0 0 0 16759940 0 0 0 0 0 0 0 190
1 17786 17786 17786 -17786 -17786 -17786 0 0 0 0 0 0 0 0 0 0 0 0 191
1 17536 17536 17536 -17536 -17536 -17536 0 0 0 0 0 0 0 0 0 0 0 0 192
2 0 38400 576 0 0 0 0 0 0 0 0 0 0 0 192
4 0 0 0 0 16760448 0 0 0 0 0 0 0 192
1 17286 17286 17286 -17286 -17286 -17286 0 0 0 0 0 0 0 0 0 0 0 0 193
1 17036 17036 17036 -17036 -17036 -17036 0 0 0 0 0 0 0 0 0 0 0 0 194
2 0 38800 582 0 0 0 0 0 0 0 0 0 0 0 194
4 0 0 0 0 16760956 0 0 0 0 0 0 0 194
1 16786 16786 16786 -16786 -16786 -16786 0 0 0 0 0 0 0 0 0 0 0 0 195
1 16536 16536 16536 -16536 -16536 -16536 0 0 0 0 0 0 0 0 0 0 0 0 196
2 0 39200 588 0 0 0 0 0 0 0 0 0 0 0 196
4 0 0 0 0 16761464 0 0 0 0 0 0 0 196
1 16286 16286 16286 -16286 -16286 -16286 0 0 0 0 0 0 0 0 0 0 0 0 197
1 16036 16036 16036 -16036 -16036 -16036 0 0 0 0 0 0 0 0 0 0 0 0 198
2 0 39600 594 0 0 0 0 0 0 0 0 0 0 0 198
4 0 0 0 0 16761972 0 0 0 0 0 0 0 198
1 15786 15786 15786 -15786 -15786 -15786 0 0 0 0 0 0 0 0 0 0 0 0 199
1 15536 15536 15536 -15536 -15536 -15536 0 0 0 0 0 0 0 0 0 0 0 0 200
2 0 40000 600 0 0 0 0 0 0 0 0 0 0 0 200
4 0 0 0 0 16762480 0 0 0 0 0 0 0 200
3 0 1000 0 0 0 0 0 0 0 0 0 0 0 0 0 78 69 200
1 15286 15286 15286 -15286 -15286 -15286 0 0 0 0 0 0 0 0 0 0 0 0 201
1 15036 15036 15036 -15036 -15036 -15036 0 0 0 0 0 0 0 0 0 0 0 0 202
2 0 40400 606 0 0 0 0 0 0 0 0 0 0 0 202
4 0 0 0 0 16762988 0 0 0 0 0 0 0 202
1 14786 14786 14786 -14786 -14786 -14786 0 0 0 0 0 0 0 0 0 0 0 0 203
1 14536 14536 14536 -14536 -14536 -14536 0 0 0 0 0 0 0 0 0 0 0 0 204
2 0 40800 612 0 0 0 0 0 0 0 0 0 0 0 204
4 0 0 0 0 16763496 0 0 0 0 0 0 0 204
1 14286 14286 14286 -14286 -14286 -14286 0 0 0 0 0 0 0 0 0 0 0 0 205
1 14036 14036 14036 -14036 -14036 -14036 0 0 0 0 0 0 0 0 0 0 0 0 206
2 0 41200 618 0 0 0 0 0 0 0 0 0 0 0 206
4 0 0 0 0 16764004 0 0 0 0 0 0 0 206
1 13786 13786 13786 -13786 -13786 -13786 0 0 0 0 0 0 0 0 0 0 0 0 207
1 13536 13536 13536 -13536 -13536 -13536 0 0 0 0 0 0 0 0 0 0 0 0 208
2 0 41600 624 0 0 0 0 0 0 0 0 0 0 0 208
4 0 0 0 0 16764512 0 0 0 0 0 0 0 208
1 13286 13286 13286 -13286 -13286 -13286 0 0 0 0 0 0 0 0 0 0 0 0 209
1 13036 13036 13036 -13036 -13036 -13036 0 0 0 0 0 0 0 0 0 0 0 0 210
2 0 42000 630 0 0 0 0 0 0 0 0 0 0 0 210
4 0 0 0 0 16765020 0 0 0 0 0 0 0 210
1 12786 12786 12786 -12786 -12786 -12786 0 0 0 0 0 0 0 0 0 0 0 0 211
1 12536 12536 12536 -12536 -12536 -12536 0 0 0 0 0 0 0 0 0 0 0 0 212
2 0 42400 636 0 0 0 0 0 0 0 0 0 0 0 212
4 0 0 0 0 16765528 0 0 0 0 0 0 0 212
1 12286 12286 12286 -12286 -12286 -12286 0 0 0 0 0 0 0 0 0 0 0 0 213
1 12036 12036 12036 -12036 -12036 -12036 0 0 0 0 0 0 0 0 0 0 0 0 214
2 0 42800 642 0 0 0 0 0 0 0 0 0 0 0 214
4 0 0 0 0 16766036 0 0 0 0 0 0 0 214
1 11786 11786 11786 -11786 -11786 -11786 0 0 0 0 0 0 0 0 0 0 0 0 215
1 11536 11536 11536 -11536 -11536 -11536 0 0 0 0 0 0 0 0 0 0 0 0 216
2 0 43200 648 0 0 0 0 0 0 0 0 0 0 0 216
4 0 0 0 0 16766544 0 0 0 0 0 0 0 216
1 11286 11286 11286 -11286 -11286 -11286 0 0 0 0 0 0 0 0 0 0 0 0 217
1 11036 11036 11036 -11036 -11036 -11036 0 0 0 0 0 0 0 0 0 0 0 0 218
2 0 43600 654 0 0 0 0 0 0 0 0 0 0 0 218
4 0 0 0 0 16767052 0 0 0 0 0 0 0 218
1 10786 10786 10786 -10786 -10786 -10786 0 0 0 0 0 0 0 0 0 0 0 0 219
1 10536 10536 10536 -10536 -10536 -10536 0 0 0 0 0 0 0 0 0 0 0 0 220
2 0 44000 660 0 0 0 0 0 0 0 0 0 0 0 220
4 0 0 0 0 16767560 0 0 0 0 0 0 0 220
3 0 1100 0 0 0 0 0 0 0 0 0 0 0 0 0 78 69 220
1 10286 10286 10286 -10286 -10286 -10286 0 0 0 0 0 0 0 0 0 0 0 0 221
1 10036 10036 10036 -10036 -10036 -10036 0 0 0 0 0 0 0 0 0 0 0 0 222
2 0 44400 666 0 0 0 0 0 0 0 0 0 0 0 222
4 0 0 0 0 16768068 0 0 0 0 0 0 0 222
1 9786 9786 9786 -9786 -9786 -9786 0 0 0 0 0 0 0 0 0 0 0 0 223
1 9536 9536 9536 -9536 -9536 -9536 0 0 0 0 0 0 0 0 0 0 0 0 224
2 0 44800 672 0 0 0 0 0 0 0 0 0 0 0 224
4 0 0 0 0 16768576 0 0 0 0 0 0 0 224
1 9286 9286 9286 -9286 -9286 -9286 0 0 0 0 0 0 0 0 0 0 0 0 225
1 9036 9036 9036 -9036 -9036 -9036 0 0 0 0 0 0 0 0 0 0 0 0 226
2 0 45200 678 0 0 0 0 0 0 0 0 0 0 0 226
4 0 0 0 0 16769084 0 0 0 0 0 0 0 226
1 8786 8786 8786 -8786 -8786 -8786 0 0 0 0 0 0 0 0 0 0 0 0 227
1 8536 8536 8536 -8536 -8536 -8536 0 0 0 0 0 0 0 0 0 0 0 0 228
2 0 45600 684 0 0 0 0 0 0 0 0 0 0 0 228
4 0 0 0 0 16769592 0 0 0 0 0 0 0 228
1 8286 8286 8286 -8286 -8286 -8286 0 0 0 0 0 0 0 0 0 0 0 0 229
1 8036 8036 8036 -8036 -8036 -8036 0 0 0 0 0 0 0 0 0 0 0 0 230
2 0 46000 690 0 0 0 0 0 0 0 0 0 0 0 230
4 0 0 0 0 16770100 0 0 0 0 0 0 0 230
1 7786 7786 7786 -7786 -7786 -7786 0 0 0 0 0 0 0 0 0 0 0 0 231
1 7536 7536 7536 -7536 -7536 -7536 0 0 0 0 0 0 0 0 0 0 0 0 232
2 0 46400 696 0 0 0 0 0 0 0 0 0 0 0 232
4 0 0 0 0 16770608 0 0 0 0 0 0 0 232
1 7286 7286 7286 -7286 -7286 -7286 0 0 0 0 0 0 0 0 0 0 0 0 233
1 7036 7036 7036 -7036 -7036 -7036 0 0 0 0 0 0 0 0 0 0 0 0 234
2 0 46800 702 0 0 0 0 0 0 0 0 0 0 0 234
4 0 0 0 0 16771116 0 0 0 0 0 0 0 234
1 6786 6786 6786 -6786 -6786 -6786 0 0 0 0 0 0 0 0 0 0 0 0 235
1 6536 6536 6536 -6536 -6536 -6536 0 0 0 0 0 0 0 0 0 0 0 0 236
2 0 47200 708 0 0 0 0 0 0 0 0 0 0 0 236
4 0 0 0 0 16771624 0 0 0 0 0 0 0 236
1 6286 6286 6286 -6286 -6286 -6286 0 0 0 0 0 0 0 0 0 0 0 0 237
1 6036 6036 6036 -6036 -6036 -6036 0 0 0 0 0 0 0 0 0 0 0 0 238
2 0 47600 714 0 0 0 0 0 0 0 0 0 0 0 238
4 0 0 0 0 16772132 0 0 0 0 0 0 0 238
1 5786 5786 5786 -5786 -5786 -5786 0 0 0 0 0 0 0 0 0 0 0 0 239
1 5536 5536 5536 -5536 -5536 -5536 0 0 0 0 0 0 0 0 0 0 0 0 240
2 0 48000 720 0 0 0 0 0 0 0 0 0 0 0 240
4 0 0 0 0 16772640 0 0 0 0 0 0 0 240
3 0 1200 0 0 0 0 0 0 0 0 0 0 0 0 0 78 69 240
1 5286 5286 5286 -5286 -5286 -5286 0 0 0 0 0 0 0 0 0 0 0 0 241
1 5036 5036 5036 -5036 -5036 -5036 0 0 0 0 0 0 0 0 0 0 0 0 242
2 0 48400 726 0 0 0 0 0 0 0 0 0 0 0 242
4 0 0 0 0 16773148 0 0 0 0 0 0 0 242
1 4786 4786 4786 -4786 -4786 -4786 0 0 0 0 0 0 0 0 0 0 0 0 243
1 4536 4536 4536 -4536 -4536 -4536 0 0 0 0 0 0 0 0 0 0 0 0 244
2 0 48800 732 0 0 0 0 0 0 0 0 0 0 0 244
4 0 0 0 0 16773656 0 0 0 0 0 0 0 244
1 4286 4286 4286 -4286 -4286 -4286 0 0 0 0 0 0 0 0 0 0 0 0 245
1 4036 4036 4036 -4036 -4036 -4036 0 0 0 0 0 0 0 0 0 0 0 0 246
2 0 49200 738 0 0 0 0 0 0 0 0 0 0 0 246
4 0 0 0 0 16774164 0 0 0 0 0 0 0 246
1 3786 3786 3786 -3786 -3786 -3786 0 0 0 0 0 0 0 0 0 0 0 0 247
1 3536 3536 3536 -3536 -3536 -3536 0 0 0 0 0 0 0 0 0 0 0 0 248
2 0 49600 744 0 0 0 0 0 0 0 0 0 0 0 248
4 0 0 0 0 16774672 0 0 0 0 0 0 0 248
1 3286 3286 3286 -3286 -3286 -3286 0 0 0 0 0 0 0 0 0 0 0 0 249
1 3036 3036 3036 -3036 -3036 -3036 0 0 0 0 0 0 0 0 0 0 0 0 250
2 0 50000 750 0 0 0 0 0 0 0 0 0 0 0 250
4 0 0 0 0 16775180 0 0 0 0 0 0 0 250
1 2786 2786 2786 -2786 -2786 -2786 0 0 0 0 0 0 0 0 0 0 0 0 251
1 2536 2536 2536 -2536 -2536 -2536 0 0 0 0 0 0 0 0 0 0 0 0 252
2 0 50400 756 0 0 0 0 0 0 0 0 0 0 0 252
4 0 0 0 0 16775688 0 0 0 0 0 0 0 252
1 2286 2286 2286 -2286 -2286 -2286 0 0 0 0 0 0 0 0 0 0 0 0 253
1 2036 2036 2036 -2036 -2036 -2036 0 0 0 0 0 0 0 0 0 0 0 0 254
2 0 50800 762 0 0 0 0 0 0 0 0 0 0 0 254
4 0 0 0 0 16776196 0 0 0 0 0 0 0 254
1 1786 1786 1786 -1786 -1786 -1786 0 0 0 0 0 0 0 0 0 0 0 0 255
1 -250 -250 -250 250 250 250 0 0 0 0 0 0 0 0 0 0 0 0 256
2 0 200 3 0 0 0 0 0 0 0 0 0 0 0 256
4 0 0 0 0 254 0 0 0 0 0 0 0 256
1 -500 -500 -500 500 500 500 0 0 0 0 0 0 0 0 0 0 0 0 257
1 -750 -750 -750 750 750 750 0 0 0 0 0 0 0 0 0 0 0 0 258
2 0 600 9 0 0 0 0 0 0 0 0 0 0 0 258
4 0 0 0 0 762 0 0 0 0 0 0 0 258
1 -1000 -1000 -1000 1000 1000 1000 0 0 0 0 0 0 0 0 0 0 0 0 259
1 -1250 -1250 -1250 1250 1250 1250 0 0 0 0 0 0 0 0 0 0 0 0 260
2 0 1000 15 0 0 0 0 0 0 0 0 0 0 0 260
4 0 0 0 0 1270 0 0 0 0 0 0 0 260
3 0 25 0 0 0 0 0 0 0 0 0 0 0 0 0 78 69 260
1 -1500 -1500 -1500 1500 1500 1500 0 0 0 0 0 0 0 0 0 0 0 0 261
1 -1750 -1750 -1750 1750 1750 1750 0 0 0 0 0 0 0 0 0 0 0 0 262
2 0 1400 21 0 0 0 0 0 0 0 0 0 0 0 262
4 0 0 0 0 1778 0 0 0 0 0 0 0 262
1 -2000 -2000 -2000 2000 2000 2000 0 0 0 0 0 0 0 0 0 0 0 0 263
1 -2250 -2250 -2250 2250 2250 2250 0 0 0 0 0 0 0 0 0 0 0 0 264
2 0 1800 27 0 0 0 0 0 0 0 0 0 0 0 264
4 0 0 0 0 2286 0 0 0 0 0 0 0 264
1 -2500 -2500 -2500 2500 2500 2500 0 0 0 0 0 0 0 0 0 0 0 0 265
1 -2750 -2750 -2750 2750 2750 2750 0 0 0 0 0 0 0 0 0 0 0 0 266
2 0 2200 33 0 0 0 0 0 0 0 0 0 0 0 266
4 0 0 0 0 2794 0 0 0 0 0 0 0 266
1 -3000 -3000 -3000 3000 3000 3000 0 0 0 0 0 0 0 0 0 0 0 0 267
1 -3250 -3250 -3250 3250 3250 3250 0 0 0 0 0 0 0 0 0 0 0 0 268
2 0 2600 39 0 0 0 0 0 0 0 0 0 0 0 268
4 0 0 0 0 3302 0 0 0 0 0 0 0 268
1 -3500 -3500 -3500 3500 3500 3500 0 0 0 0 0 0 0 0 0 0 0 0 269
1 -3750 -3750 -3750 3750 3750 3750 0 0 0 0 0 0 0 0 0 0 0 0 270
2 0 3000 45 0 0 0 0 0 0 0 0 0 0 0 270
4 0 0 0 0 3810 0 0 0 0 0 0 0 270
1 -4000 -4000 -4000 4000 4000 4000 0 0 0 0 0 0 0 0 0 0 0 0 271
1 -4250 -4250 -4250 4250 4250 4250 0 0 0 0 0 0 0 0 0 0 0 0 272
2 0 3400 51 0 0 0 0 0 0 0 0 0 0 0 272
4 0 0 0 0 4318 0 0 0 0 0 0 0 272
1 -4500 -4500 -4500 4500 4500 4500 0 0 0 0 0 0 0 0 0 0 0 0 273
1 -4750 -4750 -4750 4750 4750 4750 0 0 0 0 0 0 0 0 0 0 0 0 274
2 0 3800 57 0 0 0 0 0 0 0 0 0 0 0 274
4 0 0 0 0 4826 0 0 0 0 0 0 0 274
1 -5000 -5000 -5000 5000 5000 5000 0 0 0 0 0 0 0 0 0 0 0 0 275
1 -5250 -5250 -5250 5250 5250 5250 0 0 0 0 0 0 0 0 0 0 0 0 276
2 0 4200 63 0 0 0 0 0 0 0 0 0 0 0 276
4 0 0 0 0 5334 0 0 0 0 0 0 0 276
1 -5500 -5500 -5500 5500 5500 5500 0 0 0 0 0 0 0 0 0 0 0 0 277
1 -5750 -5750 -5750 5750 5750 5750 0 0 0 0 0 0 0 0 0 0 0 0 278
2 0 4600 69 0 0 0 0 0 0 0 0 0 0 0 278
4 0 0 0 0 5842 0 0 0 0 0 0 0 278
1 -6000 -6000 -6000 6000 6000 6000 0 0 0 0 0 0 0 0 0 0 0 0 279
1 -6250 -6250 -6250 6250 6250 6250 0 0 0 0 0 0 0 0 0 0 0 0 280
2 0 5000 75 0 0 0 0 0 0 0 0 0 0 0 280
4 0 0 0 0 6350 0 0 0 0 0 0 0 280
3 0 125 0 0 0 0 0 0 0 0 0 0 0 0 0 78 69 280
1 -6500 -6500 -6500 6500 6500 6500 0 0 0 0 0 0 0 0 0 0 0 0 281
1 -6750 -6750 -6750 6750 6750 6750 0 0 0 0 0 0 0 0 0 0 0 0 282
2 0 5400 81 0 0 0 0 0 0 0 0 0 0 0 282
4 0 0 0 0 6858 0 0 0 0 0 0 0 282
1 -7000 -7000 -7000 7000 7000 7000 0 0 0 0 0 0 0 0 0 0 0 0 283
1 -7250 -7250 -7250 7250 7250 7250 0 0 0 0 0 0 0 0 0 0 0 0 284
2 0 5800 87 0 0 0 0 0 0 0 0 0 0 0 284
4 0 0 0 0 7366 0 0 0 0 0 0 0 284
1 -7500 -7500 -7500 7500 7500 7500 0 0 0 0 0 0 0 0 0 0 0 0 285
1 -7750 -7750 -7750 7750 7750 7750 0 0 0 0 0 0 0 0 0 0 0 0 286
2 0 6200 93 0 0 0 0 0 0 0 0 0 0 0 286
4 0 0 0 0 7874 0 0 0 0 0 0 0 286
1 -8000 -8000 -8000 8000 8000 8000 0 0 0 0 0 0 0 0 0 0 0 0 287
1 -8250 -8250 -8250 8250 8250 8250 0 0 0 0 0 0 0 0 0 0 0 0 288
2 0 6600 99 0 0 0 0 0 0 0 0 0 0 0 288
4 0 0 0 0 8382 0 0 0 0 0 0 0 288
1 -8500 -8500 -8500 8500 8500 8500 0 0 0 0 0 0 0 0 0 0 0 0 289
1 -8750 -8750 -8750 8750 8750 8750 0 0 0 0 0 0 0 0 0 0 0 0 290
2 0 7000 105 0 0 0 0 0 0 0 0 0 0 0 290
4 0 0 0 0 8890 0 0 0 0 0 0 0 290
1 -9000 -9000 -9000 9000 9000 9000 0 0 0 0 0 0 0 0 0 0 0 0 291
1 -9250 -9250 -9250 9250 9250 9250 0 0 0 0 0 0 0 0 0 0 0 0 292
2 0 7400 111 0 0 0 0 0 0 0 0 0 0 0 292
4 0 0 0 0 9398 0 0 0 0 0 0 0 292
1 -9500 -9500 -9500 9500 9500 9500 0 0 0 0 0 0 0 0 0 0 0 0 293
1 -9750 -9750 -9750 9750 9750 9750 0 0 0 0 0 0 0 0 0 0 0 0 294
2 0 7800 117 0 0 0 0 0 0 0 0 0 0 0 294
4 0 0 0 0 9906 0 0 0 0 0 0 0 294
1 -10000 -10000 -10000 10000 10000 10000 0 0 0 0 0 0 0 0 0 0 0 0 295
1 -10250 -10250 -10250 10250 10250 10250 0 0 0 0 0 0 0 0 0 0 0 0 296
2 0 8200 123 0 0 0 0 0 0 0 0 0 0 0 296
4 0 0 0 0 10414 0 0 0 0 0 0 0 296
1 -10500 -10500 -10500 10500 10500 10500 0 0 0 0 0 0 0 0 0 0 0 0 297
1 -10750 -10750 -10750 10750 10750 10750 0 0 0 0 0 0 0 0 0 0 0 0 298
2 0 8600 129 0 0 0 0 0 0 0 0 0 0 0 298
4 0 0 0 0 10922 0 0 0 0 0 0 0 298
1 -11000 -11000 -11000 11000 11000 11000 0 0 0 0 0 0 0 0 0 0 0 0 299
1 -11250 -11250 -11250 11250 11250 11250 0 0 0 0 0 0 0 0 0 0 0 0 300
2 0 9000 135 0 0 0 0 0 0 0 0 0 0 0 300
4 0 0 0 0 11430 0 0 0 0 0 0 0 300
3 0 225 0 0 0 0 0 0 0 0 0 0 0 0 0 78 69 300
1 -11500 -11500 -11500 11500 11500 11500 0 0 0 0 0 0 0 0 0 0 0 0 301
1 -11750 -11750 -11750 11750 11750 11750 0 0 0 0 0 0 0 0 0 0 0 0 302
2 0 9400 141 0 0 0 0 0 0 0 0 0 0 0 302
4 0 0 0 0 11938 0 0 0 0 0 0 0 302
1 -12000 -12000 -12000 12000 12000 12000 0 0 0 0 0 0 0 0 0 0 0 0 303
1 -12250 -12250 -12250 12250 12250 12250 0 0 0 0 0 0 0 0 0 0 0 0 304
2 0 9800 147 0 0 0 0 0 0 0 0 0 0 0 304
4 0 0 0 0 12446 0 0 0 0 0 0 0 304
1 -12500 -12500 -12500 12500 12500 12500 0 0 0 0 0 0 0 0 0 0 0 0 305
1 -12750 -12750 -12750 12750 12750 12750 0 0 0 0 0 0 0 0 0 0 0 0 306
2 0 10200 153 0 0 0 0 0 0 0 0 0 0 0 306
4 0 0 0 0 12954 0 0 0 0 0 0 0 306
1 -13000 -13000 -13000 13000 13000 13000 0 0 0 0 0 0 0 0 0 0 0 0 307
1 -13250 -13250 -13250 13250 13250 13250 0 0 0 0 0 0 0 0 0 0 0 0 308
2 0 10600 159 0 0 0 0 0 0 0 0 0 0 0 308
4 0 0 0 0 13462 0 0 0 0 0 0 0 308
1 -13500 -13500 -13500 13500 13500 13500 0 0 0 0 0 0 0 0 0 0 0 0 309
1 -13750 -13750 -13750 13750 13750 13750 0 0 0 0 0 0 0 0 0 0 0 0 310
2 0 11000 165 0 0 0 0 0 0 0 0 0 0 0 310
4 0 0 0 0 13970 0 0 0 0 0 0 0 310
1 -14000 -14000 -14000 14000 14000 14000 0 0 0 0 0 0 0 0 0 0 0 0 311
1 -14250 -14250 -14250 14250 14250 14250 0 0 0 0 0 0 0 0 0 0 0 0 312
2 0 11400 171 0 0 0 0 0 0 0 0 0 0 0 312
4 0 0 0 0 14478 0 0 0 0 0 0 0 312
1 -14500 -14500 -14500 14500 14500 14500 0 0 0 0 0 0 0 0 0 0 0 0 313
1 -14750 -14750 -14750 14750 14750 14750 0 0 0 0 0 0 0 0 0 0 0 0 314
2 0 11800 177 0 0 0 0 0 0 0 0 0 0 0 314
4 0 0 0 0 14986 0 0 0 0 0 0 0 314
1 -15000 -15000 -15000 15000 15000 15000 0 0 0 0 0 0 0 0 0 0 0 0 315
1 -15250 -15250 -15250 15250 15250 15250 0 0 0 0 0 0 0 0 0 0 0 0 316
2 0 12200 183 0 0 0 0 0 0 0 0 0 0 0 316
4 0 0 0 0 15494 0 0 0 0 0 0 0 316
1 -15500 -15500 -15500 15500 15500 15500 0 0 0 0 0 0 0 0 0 0 0 0 317
1 -15750 -15750 -15750 15750 15750 15750 0 0 0 0 0 0 0 0 0 0 0 0 318
2 0 12600 189 0 0 0 0 0 0 0 0 0 0 0 318
4 0 0 0 0 16002 0 0 0 0 0 0 0 318
1 -16000 -16000 -16000 16000 16000 16000 0 0 0 0 0 0 0 0 0 0 0 0 319
1 -16250 -16250 -16250 16250 16250 16250 0 0 0 0 0 0 0 0 0 0 0 0 320
2 0 13000 195 0 0 0 0 0 0 0 0 0 0 0 320
4 0 0 0 0 16510 0 0 0 0 0 0 0 320
3 0 325 0 0 0 0 0 0 0 0 0 0 0 0 0 78 69 320
1 -16500 -16500 -16500 16500 16500 16500 0 0 0 0 0 0 0 0 0 0 0 0 321
1 -16750 -16750 -16750 16750 16750 16750 0 0 0 0 0 0 0 0 0 0 0 0 322
2 0 13400 201 0 0 0 0 0 0 0 0 0 0 0 322
4 0 0 0 0 17018 0 0 0 0 0 0 0 322
1 -17000 -17000 -17000 17000 17000 17000 0 0 0 0 0 0 0 0 0 0 0 0 323
1 -17250 -17250 -17250 17250 17250 17250 0 0 0 0 0 0 0 0 0 0 0 0 324
2 0 13800 207 0 0 0 0 0 0 0 0 0 0 0 324
4 0 0 0 0 17526 0 0 0 0 0 0 0 324
1 -17500 -17500 -17500 17500 17500 17500 0 0 0 0 0 0 0 0 0 0 0 0 325
1 -17750 -17750 -17750 17750 17750 17750 0 0 0 0 0 0 0 0 0 0 0 0 326
2 0 14200 213 0 0 0 0 0 0 0 0 0 0 0 326
4 0 0 0 0 18034 0 0 0 0 0 0 0 326
1 -18000 -18000 -18000 18000 18000 18000 0 0 0 0 0 0 0 0 0 0 0 0 327
1 -18250 -18250 -18250 18250 18250 18250 0 0 0 0 0 0 0 0 0 0 0 0 328
2 0 14600 219 0 0 0 0 0 0 0 0 0 0 0 328
4 0 0 0 0 18542 0 0 0 0 0 0 0 328
1 -18500 -18500 -18500 18500 18500 18500 0 0 0 0 0 0 0 0 0 0 0 0 329
1 -18750 -18750 -18750 18750 18750 18750 0 0 0 0 0 0 0 0 0 0 0 0 330
2 0 15000 225 0 0 0 0 0 0 0 0 0 0 0 330
4 0 0 0 0 19050 0 0 0 0 0 0 0 330
1 -19000 -19000 -19000 19000 19000 19000 0 0 0 0 0 0 0 0 0 0 0 0 331
1 -19250 -19250 -19250 19250 19250 19250 0 0 0 0 0 0 0 0 0 0 0 0 332
2 0 15400 231 0 0 0 0 0 0 0 0 0 0 0 332
4 0 0 0 0 19558 0 0 0 0 0 0 0 332
1 -19500 -19500 -19500 19500 19500 19500 0 0 0 0 0 0 0 0 0 0 0 0 333
1 -19750 -19750 -19750 19750 19750 19750 0 0 0 0 0 0 0 0 0 0 0 0 334
2 0 15800 237 0 0 0 0 0 0 0 0 0 0 0 334
4 0 0 0 0 20066 0 0 0 0 0 0 0 334
1 -20000 -20000 -20000 20000 20000 20000 0 0 0 0 0 0 0 0 0 0 0 0 335
1 -20250 -20250 -20250 20250 20250 20250 0 0 0 0 0 0 0 0 0 0 0 0 336
2 0 16200 243 0 0 0 0 0 0 0 0 0 0 0 336
4 0 0 0 0 20574 0 0 0 0 0 0 0 336
1 -20500 -20500 -20500 20500 20500 20500 0 0 0 0 0 0 0 0 0 0 0 0 337
1 -20750 -20750 -20750 20750 20750 20750 0 0 0 0 0 0 0 0 0 0 0 0 338
2 0 16600 249 0 0 0 0 0 0 0 0 0 0 0 338
4 0 0 0 0 21082 0 0 0 0 0 0 0 338
1 -21000 -21000 -21000 21000 21000 21000 0 0 0 0 0 0 0 0 0 0 0 0 339
1 -21250 -21250 -21250 21250 21250 21250 0 0 0 0 0 0 0 0 0 0 0 0 340
2 0 17000 255 0 0 0 0 0 0 0 0 0 0 0 340
4 0 0 0 0 21590 0 0 0 0 0 0 0 340
3 0 425 0 0 0 0 0 0 0 0 0 0 0 0 0 78 69 340
1 -21500 -21500 -21500 21500 21500 21500 0 0 0 0 0 0 0 0 0 0 0 0 341
1 -21750 -21750 -21750 21750 21750 21750 0 0 0 0 0 0 0 0 0 0 0 0 342
2 0 17400 261 0 0 0 0 0 0 0 0 0 0 0 342
4 0 0 0 0 22098 0 0 0 0 0 0 0 342
1 -22000 -22000 -22000 22000 22000 22000 0 0 0 0 0 0 0 0 0 0 0 0 343
1 -22250 -22250 -22250 22250 22250 22250 0 0 0 0 0 0 0 0 0 0 0 0 344
2 0 17800 267 0 0 0 0 0 0 0 0 0 0 0 344
4 0 0 0 0 22606 0 0 0 0 0 0 0 344
1 -22500 -22500 -22500 22500 22500 22500 0 0 0 0 0 0 0 0 0 0 0 0 345
1 -22750 -22750 -22750 22750 22750 22750 0 0 0 0 0 0 0 0 0 0 0 0 346
2 0 18200 273 0 0 0 0 0 0 0 0 0 0 0 346
4 0 0 0 0 23114 0 0 0 0 0 0 0 346
1 -23000 -23000 -23000 23000 23000 23000 0 0 0 0 0 0 0 0 0 0 0 0 347
1 -23250 -23250 -23250 23250 23250 23250 0 0 0 0 0 0 0 0 0 0 0 0 348
2 0 18600 279 0 0 0 0 0 0 0 0 0 0 0 348
4 0 0 0 0 23622 0 0 0 0 0 0 0 348
1 -23500 -23500 -23500 23500 23500 23500 0 0 0 0 0 0 0 0 0 0 0 0 349
1 -23750 -23750 -23750 23750 23750 23750 0 0 0 0 0 0 0 0 0 0 0 0 350
2 0 19000 285 0 0 0 0 0 0 0 0 0 0 0 350
4 0 0 0 0 24130 0 0 0 0 0 0 0 350
1 -24000 -24000 -24000 24000 24000 24000 0 0 0 0 0 0 0 0 0 0 0 0 351
1 -24250 -24250 -24250 24250 24250 24250 0 0 0 0 0 0 0 0 0 0 0 0 352
2 0 19400 291 0 0 0 0 0 0 0 0 0 0 0 352
4 0 0 0 0 24638 0 0 0 0 0 0 0 352
1 -24500 -24500 -24500 24500 24500 24500 0 0 0 0 0 0 0 0 0 0 0 0 353
1 -24750 -24750 -24750 24750 24750 24750 0 0 0 0 0 0 0 0 0 0 0 0 354
2 0 19800 297 0 0 0 0 0 0 0 0 0 0 0 354
4 0 0 0 0 25146 0 0 0 0 0 0 0 354
1 -25000 -25000 -25000 25000 25000 25000 0 0 0 0 0 0 0 0 0 0 0 0 355
1 -25250 -25250 -25250 25250 25250 25250 0 0 0 0 0 0 0 0 0 0 0 0 356
2 0 20200 303 0 0 0 0 0 0 0 0 0 0 0 356
4 0 0 0 0 25654 0 0 0 0 0 0 0 356
1 -25500 -25500 -25500 25500 25500 25500 0 0 0 0 0 0 0 0 0 0 0 0 357
1 -25750 -25750 -25750 25750 25750 25750 0 0 0 0 0 0 0 0 0 0 0 0 358
2 0 20600 309 0 0 0 0 0 0 0 0 0 0 0 358
4 0 0 0 0 26162 0 0 0 0 0 0 0 358
1 -26000 -26000 -26000 26000 26000 26000 0 0 0 0 0 0 0 0 0 0 0 0 359
1 -26250 -26250 -26250 26250 26250 26250 0 0 0 0 0 0 0 0 0 0 0 0 360
2 0 21000 315 0 0 0 0 0 0 0 0 0 0 0 360
4 0 0 0 0 26670 0 0 0 0 0 0 0 360
3 0 525 0 0 0 0 0 0 0 0 0 0 0 0 0 78 69 360
1 -26500 -26500 -26500 26500 26500 26500 0 0 0 0 0 0 0 0 0 0 0 0 361
1 -26750 -26750 -26750 26750 26750 26750 0 0 0 0 0 0 0 0 0 0 0 0 362
2 0 21400 321 0 0 0 0 0 0 0 0 0 0 0 362
4 0 0 0 0 27178 0 0 0 0 0 0 0 362
1 -27000 -27000 -27000 27000 27000 27000 0 0 0 0 0 0 0 0 0 0 0 0 363
1 -27250 -27250 -27250 27250 27250 27250 0 0 0 0 0 0 0 0 0 0 0 0 364
2 0 21800 327 0 0 0 0 0 0 0 0 0 0 0 364
4 0 0 0 0 27686 0 0 0 0 0 0 0 364
1 -27500 -27500 -27500 27500 27500 27500 0 0 0 0 0 0 0 0 0 0 0 0 365
1 -27750 -27750 -27750 27750 27750 27750 0 0 0 0 0 0 0 0 0 0 0 0 366
2 0 22200 333 0 0 0 0 0 0 0 0 0 0 0 366
4 0 0 0 0 28194 0 0 0 0 0 0 0 366
1 -28000 -28000 -28000 28000 28000 28000 0 0 0 0 0 0 0 0 0 0 0 0 367
1 -28250 -28250 -28250 28250 28250 28250 0 0 0 0 0 0 0 0 0 0 0 0 368
2 0 22600 339 0 0 0 0 0 0 0 0 0 0 0 368
4 0 0 0 0 28702 0 0 0 0 0 0 0 368
1 -28500 -28500 -28500 28500 28500 28500 0 0 0 0 0 0 0 0 0 0 0 0 369
1 -28750 -28750 -28750 28750 28750 28750 0 0 0 0 0 0 0 0 0 0 0 0 370
2 0 23000 345 0 0 0 0 0 0 0 0 0 0 0 370
4 0 0 0 0 29210 0 0 0 0 0 0 0 370
1 -29000 -29000 -29000 29000 29000 29000 0 0 0 0 0 0 0 0 0 0 0 0 371
1 -29250 -29250 -29250 29250 29250 29250 0 0 0 0 0 0 0 0 0 0 0 0 372
2 0 23400 351 0 0 0 0 0 0 0 0 0 0 0 372
4 0 0 0 0 29718 0 0 0 0 0 0 0 372
1 -29500 -29500 -29500 29500 29500 29500 0 0 0 0 0 0 0 0 0 0 0 0 373
1 -29750 -29750 -29750 29750 29750 29750 0 0 0 0 0 0 0 0 0 0 0 0 374
2 0 23800 357 0 0 0 0 0 0 0 0 0 0 0 374
4 0 0 0 0 30226 0 0 0 0 0 0 0 374
1 -30000 -30000 -30000 30000 30000 30000 0 0 0 0 0 0 0 0 0 0 0 0 375
1 -30250 -30250 -30250 30250 30250 30250 0 0 0 0 0 0 0 0 0 0 0 0 376
2 0 24200 363 0 0 0 0 0 0 0 0 0 0 0 376
4 0 0 0 0 30734 0 0 0 0 0 0 0 376
1 -30500 -30500 -30500 30500 30500 30500 0 0 0 0 0 0 0 0 0 0 0 0 377
1 -30750 -30750 -30750 30750 30750 30750 0 0 0 0 0 0 0 0 0 0 0 0 378
2 0 24600 369 0 0 0 0 0 0 0 0 0 0 0 378
4 0 0 0 0 31242 0 0 0 0 0 0 0 378
1 -31000 -31000 -31000 31000 31000 31000 0 0 0 0 0 0 0 0 0 0 0 0 379
1 -31250 -31250 -31250 31250 31250 31250 0 0 0 0 0 0 0 0 0 0 0 0 380
2 0 25000 375 0 0 0 0 0 0 0 0 0 0 0 380
4 0 0 0 0 31750 0 0 0 0 0 0 0 380
3 0 625 0 0 0 0 0 0 0 0 0 0 0 0 0 78 69 380
1 -31500 -31500 -31500 31500 31500 31500 0 0 0 0 0 0 0 0 0 0 0 0 381
1 -31750 -31750 -31750 31750 31750 31750 0 0 0 0 0 0 0 0 0 0 0 0 382
2 0 25400 381 0 0 0 0 0 0 0 0 0 0 0 382
4 0 0 0 0 32258 0 0 0 0 0 0 0 382
1 -32000 -32000 -32000 32000 32000 32000 0 0 0 0 0 0 0 0 0 0 0 0 383
1 -32250 -32250 -32250 32250 32250 32250 0 0 0 0 0 0 0 0 0 0 0 0 384
2 0 25800 387 0 0 0 0 0 0 0 0 0 0 0 384
4 0 0 0 0 32766 0 0 0 0 0 0 0 384
1 -32500 -32500 -32500 32500 32500 32500 0 0 0 0 0 0 0 0 0 0 0 0 385
1 -32750 -32750 -32750 32750 32750 32750 0 0 0 0 0 0 0 0 0 0 0 0 386
2 0 26200 393 0 0 0 0 0 0 0 0 0 0 0 386
4 0 0 0 0 16744954 0 0 0 0 0 0 0 386
1 32536 32536 32536 -32536 -32536 -32536 0 0 0 0 0 0 0 0 0 0 0 0 387
1 32286 32286 32286 -32286 -32286 -32286 0 0 0 0 0 0 0 0 0 0 0 0 388
2 0 26600 399 0 0 0 0 0 0 0 0 0 0 0 388
4 0 0 0 0 16745462 0 0 0 0 0 0 0 388
1 32036 32036 32036 -32036 -32036 -32036 0 0 0 0 0 0 0 0 0 0 0 0 389
1 31786 31786 31786 -31786 -31786 -31786 0 0 0 0 0 0 0 0 0 0 0 0 390
2 0 27000 405 0 0 0 0 0 0 0 0 0 0 0 390
4 0 0 0 0 16745970 0 0 0 0 0 0 0 390
1 31536 31536 31536 -31536 -31536 -31536 0 0 0 0 0 0 0 0 0 0 0 0 391
1 31286 31286 31286 -31286 -31286 -31286 0 0 0 0 0 0 0 0 0 0 0 0 392
2 0 27400 411 0 0 0 0 0 0 0 0 0 0 0 392
4 0 0 0 0 16746478 0 0 0 0 0 0 0 392
1 31036 31036 31036 -31036 -31036 -31036 0 0 0 0 0 0 0 0 0 0 0 0 393
1 30786 30786 30786 -30786 -30786 -30786 0 0 0 0 0 0 0 0 0 0 0 0 394
2 0 27800 417 0 0 0 0 0 0 0 0 0 0 0 394
4 0 0 0 0 16746986 0 0 0 0 0 0 0 394
1 30536 30536 30536 -30536 -30536 -30536 0 0 0 0 0 0 0 0 0 0 0 0 395
1 30286 30286 30286 -30286 -30286 -30286 0 0 0 0 0 0 0 0 0 0 0 0 396
2 0 28200 423 0 0 0 0 0 0 0 0 0 0 0 396
4 0 0 0 0 16747494 0 0 0 0 0 0 0 396
1 30036 30036 30036 -30036 -30036 -30036 0 0 0 0 0 0 0 0 0 0 0 0 397
1 29786 29786 29786 -29786 -29786 -29786 0 0 0 0 0 0 0 0 0 0 0 0 398
2 0 28600 429 0 0 0 0 0 0 0 0 0 0 0 398
4 0 0 0 0 16748002 0 0 0 0 0 0 0 398
1 29536 29536 29536 -29536 -29536 -29536 0 0 0 0 0 0 0 0 0 0 0 0 399
1 29286 29286 29286 -29286 -29286 -29286 0 0 0 0 0 0 0 0 0 0 0 0 400
2 0 29000 435 0 0 0 0 0 0 0 0 0 0 0 400
4 0 0 0 0 16748510 0 0 0 0 0 0 0 400
3 0 725 0 0 0 0 0 0 0 0 0 0 0 0 0 78 69 400
1 29036 29036 29036 -29036 -29036 -29036 0 0 0 0 0 0 0 0 0 0 0 0 401
1 28786 28786 28786 -28786 -28786 -28786 0 0 0 0 0 0 0 0 0 0 0 0 402
2 0 29400 441 0 0 0 0 0 0 0 0 0 0 0 402
4 0 0 0 0 16749018 0 0 0 0 0 0 0 402
1 28536 28536 28536 -28536 -28536 -28536 0 0 0 0 0 0 0 0 0 0 0 0 403
1 28286 28286 28286 -28286 -28286 -28286 0 0 0 0 0 0 0 0 0 0 0 0 404
2 0 29800 447 0 0 0 0 0 0 0 0 0 0 0 404
4 0 0 0 0 16749526 0 0 0 0 0 0 0 404
1 28036 28036 28036 -28036 -28036 -28036 0 0 0 0 0 0 0 0 0 0 0 0 405
1 27786 27786 27786 -27786 -27786 -27786 0 0 0 0 0 0 0 0 0 0 0 0 406
2 0 30200 453 0 0 0 0 0 0 0 0 0 0 0 406
4 0 0 0 0 16750034 0 0 0 0 0 0 0 406
1 27536 27536 27536 -27536 -27536 -27536 0 0 0 0 0 0 0 0 0 0 0 0 407
1 27286 27286 27286 -27286 -27286 -27286 0 0 0 0 0 0 0 0 0 0 0 0 408
2 0 30600 459 0 0 0 0 0 0 0 0 0 0 0 408
4 0 0 0 0 16750542 0 0 0 0 0 0 0 408
1 27036 27036 27036 -27036 -27036 -27036 0 0 0 0 0 0 0 0 0 0 0 0 409
1 26786 26786 26786 -26786 -26786 -26786 0 0 0 0 0 0 0 0 0 0 0 0 410
2 0 31000 465 0 0 0 0 0 0 0 0 0 0 0 410
4 0 0 0 0 16751050 0 0 0 0 0 0 0 410
1 26536 26536 26536 -26536 -26536 -26536 0 0 0 0 0 0 0 0 0 0 0 0 411
1 26286 26286 26286 -26286 -26286 -26286 0 0 0 0 0 0 0 0 0 0 0 0 412
2 0 31400 471 0 0 0 0 0 0 0 0 0 0 0 412
4 0 0 0 0 16751558 0 0 0 0 0 0 0 412
1 26036 26036 26036 -26036 -26036 -26036 0 0 0 0 0 0 0 0 0 0 0 0 413
1 25786 25786 25786 -25786 -25786 -25786 0 0 0 0 0 0 0 0 0 0 0 0 414
2 0 31800 477 0 0 0 0 0 0 0 0 0 0 0 414
4 0 0 0 0 16752066 0 0 0 0 0 0 0 414
1 25536 25536 25536 -25536 -25536 -25536 0 0 0 0 0 0 0 0 0 0 0 0 415
1 25286 25286 25286 -25286 -25286 -25286 0 0 0 0 0 0 0 0 0 0 0 0 416
2 0 32200 483 0 0 0 0 0 0 0 0 0 0 0 416
4 0 0 0 0 16752574 0 0 0 0 0 0 0 416
1 25036 25036 25036 -25036 -25036 -25036 0 0 0 0 0 0 0 0 0 0 0 0 417
1 24786 24786 24786 -24786 -24786 -24786 0 0 0 0 0 0 0 0 0 0 0 0 418
2 0 32600 489 0 0 0 0 0 0 0 0 0 0 0 418
4 0 0 0 0 16753082 0 0 0 0 0 0 0 418
1 24536 24536 24536 -24536 -24536 -24536 0 0 0 0 0 0 0 0 0 0 0 0 419
1 24286 24286 24286 -24286 -24286 -24286 0 0 0 0 0 0 0 0 0 0 0 0 420
2 0 33000 495 0 0 0 0 0 0 0 0 0 0 0 420
4 0 0 0 0 16753590 0 0 0 0 0 0 0 420
3 0 825 0 0 0 0 0 0 0 0 0 0 0 0 0 78 69 420
1 24036 24036 24036 -24036 -24036 -24036 0 0 0 0 0 0 0 0 0 0 0 0 421
1 23786 23786 23786 -23786 -23786 -23786 0 0 0 0 0 0 0 0 0 0 0 0 422
2 0 33400 501 0 0 0 0 0 0 0 0 0 0 0 422
4 0 0 0 0 16754098 0 0 0 0 0 0 0 422
1 23536 23536 23536 -23536 -23536 -23536 0 0 0 0 0 0 0 0 0 0 0 0 423
1 23286 23286 23286 -23286 -23286 -23286 0 0 0 0 0 0 0 0 0 0 0 0 424
2 0 33800 507 0 0 0 0 0 0 0 0 0 0 0 424
4 0 0 0 0 16754606 0 0 0 0 0 0 0 424
1 23036 23036 23036 -23036 -23036 -23036 0 0 0 0 0 0 0 0 0 0 0 0 425
1 22786 22786 22786 -22786 -22786 -22786 0 0 0 0 0 0 0 0 0 0 0 0 426
2 0 34200 513 0 0 0 0 0 0 0 0 0 0 0 426
4 0 0 0 0 16755114 0 0 0 0 0 0 0 426
1 22536 22536 22536 -22536 -22536 -22536 0 0 0 0 0 0 0 0 0 0 0 0 427
1 22286 22286 22286 -22286 -22286 -22286 0 0 0 0 0 0 0 0 0 0 0 0 428
2 0 34600 519 0 0 0 0 0 0 0 0 0 0 0 428
4 0 0 0 0 16755622 0 0 0 0 0 0 0 428
1 22036 22036 22036 -22036 -22036 -22036 0 0 0 0 0 0 0 0 0 0 0 0 429
1 21786 21786 21786 -21786 -21786 -21786 0 0 0 0 0 0 0 0 0 0 0 0 430
2 0 35000 525 0 0 0 0 0 0 0 0 0 0 0 430
4 0 0 0 0 16756130 0 0 0 0 0 0 0 430
1 21536 21536 21536 -21536 -21536 -21536 0 0 0 0 0 0 0 0 0 0 0 0 431
1 21286 21286 21286 -21286 -21286 -21286 0 0 0 0 0 0 0 0 0 0 0 0 432
2 0 35400 531 0 0 0 0 0 0 0 0 0 0 0 432
4 0 0 0 0 16756638 0 0 0 0 0 0 0 432
1 21036 21036 21036 -21036 -21036 -21036 0 0 0 0 0 0 0 0 0 0 0 0 433
1 20786 20786 20786 -20786 -20786 -20786 0 0 0 0 0 0 0 0 0 0 0 0 434
2 0 35800 537 0 0 0 0 0 0 0 0 0 0 0 434
4 0 0 0 0 16757146 0 0 0 0 0 0 0 434
1 20536 20536 20536 -20536 -20536 -20536 0 0 0 0 0 0 0 0 0 0 0 0 435
1 20286 20286 20286 -20286 -20286 -20286 0 0 0 0 0 0 0 0 0 0 0 0 436
2 0 36200 543 0 0 0 0 0 0 0 0 0 0 0 436
4 0 0 0 0 16757654 0 0 0 0 0 0 0 436
1 20036 20036 20036 -20036 -20036 -20036 0 0 0 0 0 0 0 0 0 0 0 0 437
1 19786 19786 19786 -19786 -19786 -19786 0 0 0 0 0 0 0 0 0 0 0 0 438
2 0 36600 549 0 0 0 0 0 0 0 0 0 0 0 438
4 0 0 0 0 16758162 0 0 0 0 0 0 0 438
1 19536 19536 19536 -19536 -19536 -19536 0 0 0 0 0 0 0 0 0 0 0 0 439
1 19286 19286 19286 -19286 -19286 -19286 0 0 0 0 0 0 0 0 0 0 0 0 440
2 0 37000 555 0 0 0 0 0 0 0 0 0 0 0 440
4 0 0 0 0 16758670 0 0 0 0 0 0 0 440
3 0 925 0 0 0 0 0 0 0 0 0 0 0 0 0 78 69 440
1 19036 19036 19036 -19036 -19036 -19036 0 0 0 0 0 0 0 0 0 0 0 0 441
1 18786 18786 18786 -18786 -18786 -18786 0 0 0 0 0 0 0 0 0 0 0 0 442
2 0 37400 561 0 0 0 0 0 0 0 0 0 0 0 442
4 0 0 0 0 16759178 0 0 0 0 0 0 0 442
1 18536 18536 18536 -18536 -18536 -18536 0 0 0 0 0 0 0 0 0 0 0 0 443
1 18286 18286 18286 -18286 -18286 -18286 0 0 0 0 0 0 0 0 0 0 0 0 444
2 0 37800 567 0 0 0 0 0 0 0 0 0 0 0 444
4 0 0 0 0 16759686 0 0 0 0 0 0 0 444
1 18036 18036 18036 -18036 -18036 -18036 0 0 0 0 0 0 0 0 0 0 0 0 445
1 17786 17786 17786 -17786 -17786 -17786 0 0 0 0 0 0 0 0 0 0 0 0 446
2 0 38200 573 0 0 0 0 0 0 0 0 0 0 0 446
4 0 0 0 0 16760194 0 0 0 0 0 0 0 446
1 17536 17536 17536 -17536 -17536 -17536 0 0 0 0 0 0 0 0 0 0 0 0 447
1 17286 17286 17286 -17286 -17286 -17286 0 0 0 0 0 0 0 0 0 0 0 0 448
2 0 38600 579 0 0 0 0 0 0 0 0 0 0 0 448
4 0 0 0 0 16760702 0 0 0 0 0 0 0 448
1 17036 17036 17036 -17036 -17036 -17036 0 0 0 0 0 0 0 0 0 0 0 0 449
1 16786 16786 16786 -16786 -16786 -16786 0 0 0 0 0 0 0 0 0 0 0 0 450
2 0 39000 585 0 0 0 0 0 0 0 0 0 0 0 450
4 0 0 0 0 16761210 0 0 0 0 0 0 0 450
1 16536 16536 16536 -16536 -16536 -16536 0 0 0 0 0 0 0 0 0 0 0 0 451
1 16286 16286 16286 -16286 -16286 -16286 0 0 0 0 0 0 0 0 0 0 0 0 452
2 0 39400 591 0 0 0 0 0 0 0 0 0 0 0 452
4 0 0 0 0 16761718 0 0 0 0 0 0 0 452
1 16036 16036 16036 -16036 -16036 -16036 0 0 0 0 0 0 0 0 0 0 0 0 453
1 15786 15786 15786 -15786 -15786 -15786 0 0 0 0 0 0 0 0 0 0 0 0 454
2 0 39800 597 0 0 0 0 0 0 0 0 0 0 0 454
4 0 0 0 0 16762226 0 0 0 0 0 0 0 454
1 15536 15536 15536 -15536 -15536 -15536 0 0 0 0 0 0 0 0 0 0 0 0 455
1 15286 15286 15286 -15286 -15286 -15286 0 0 0 0 0 0 0 0 0 0 0 0 456
2 0 40200 603 0 0 0 0 0 0 0 0 0 0 0 456
4 0 0 0 0 16762734 0 0 0 0 0 0 0 456
1 15036 15036 15036 -15036 -15036 -15036 0 0 0 0 0 0 0 0 0 0 0 0 457
1 14786 14786 14786 -14786 -14786 -14786 0 0 0 0 0 0 0 0 0 0 0 0 458
2 0 40600 609 0 0 0 0 0 0 0 0 0 0 0 458
4 0 0 0 0 16763242 0 0 0 0 0 0 0 458
1 14536 14536 14536 -14536 -14536 -14536 0 0 0 0 0 0 0 0 0 0 0 0 459
1 14286 14286 14286 -14286 -14286 -14286 0 0 0 0 0 0 0 0 0 0 0 0 460
2 0 41000 615 0 0 0 0 0 0 0 0 0 0 0 460
4 0 0 0 0 16763750 0 0 0 0 0 0 0 460
3 0 1025 0 0 0 0 0 0 0 0 0 0 0 0 0 78 69 460
1 14036 14036 14036 -14036 -14036 -14036 0 0 0 0 0 0 0 0 0 0 0 0 461
1 13786 13786 13786 -13786 -13786 -13786 0 0 0 0 0 0 0 0 0 0 0 0 462
2 0 41400 621 0 0 0 0 0 0 0 0 0 0 0 462
4 0 0 0 0 16764258 0 0 0 0 0 0 0 462
1 13536 13536 13536 -13536 -13536 -13536 0 0 0 0 0 0 0 0 0 0 0 0 463
1 13286 13286 13286 -13286 -13286 -13286 0 0 0 0 0 0 0 0 0 0 0 0 464
2 0 41800 627 0 0 0 0 0 0 0 0 0 0 0 464
4 0 0 0 0 16764766 0 0 0 0 0 0 0 464
1 13036 13036 13036 -13036 -13036 -13036 0 0 0 0 0 0 0 0 0 0 0 0 465
1 12786 12786 12786 -12786 -12786 -12786 0 0 0 0 0 0 0 0 0 0 0 0 466
2 0 42200 633 0 0 0 0 0 0 0 0 0 0 0 466
4 0 0 0 0 16765274 0 0 0 0 0 0 0 466
1 12536 12536 12536 -12536 -12536 -12536 0 0 0 0 0 0 0 0 0 0 0 0 467
1 12286 12286 12286 -12286 -12286 -12286 0 0 0 0 0 0 0 0 0 0 0 0 468
2 0 42600 639 0 0 0 0 0 0 0 0 0 0 0 468
4 0 0 0 0 16765782 0 0 0 0 0 0 0 468
1 12036 12036 12036 -12036 -12036 -12036 0 0 0 0 0 0 0 0 0 0 0 0 469
1 11786 11786 11786 -11786 -11786 -11786 0 0 0 0 0 0 0 0 0 0 0 0 470
2 0 43000 645 0 0 0 0 0 0 0 0 0 0 0 470
4 0 0 0 0 16766290 0 0 0 0 0 0 0 470
1 11536 11536 11536 -11536 -11536 -11536 0 0 0 0 0 0 0 0 0 0 0 0 471
1 11286 11286 11286 -11286 -11286 -11286 0 0 0 0 0 0 0 0 0 0 0 0 472
2 0 43400 651 0 0 0 0 0 0 0 0 0 0 0 472
4 0 0 0 0 16766798 0 0 0 0 0 0 0 472
1 11036 11036 11036 -11036 -11036 -11036 0 0 0 0 0 0 0 0 0 0 0 0 473
1 10786 10786 10786 -10786 -10786 -10786 0 0 0 0 0 0 0 0 0 0 0 0 474
2 0 43800 657 0 0 0 0 0 0 0 0 0 0 0 474
4 0 0 0 0 16767306 0 0 0 0 0 0 0 474
1 10536 10536 10536 -10536 -10536 -10536 0 0 0 0 0 0 0 0 0 0 0 0 475
1 10286 10286 10286 -10286 -10286 -10286 0 0 0 0 0 0 0 0 0 0 0 0 476
2 0 44200 663 0 0 0 0 0 0 0 0 0 0 0 476
4 0 0 0 0 16767814 0 0 0 0 0 0 0 476
1 10036 10036 10036 -10036 -10036 -10036 0 0 0 0 0 0 0 0 0 0 0 0 477
1 9786 9786 9786 -9786 -9786 -9786 0 0 0 0 0 0 0 0 0 0 0 0 478
2 0 44600 669 0 0 0 0 0 0 0 0 0 0 0 478
4 0 0 0 0 16768322 0 0 0 0 0 0 0 478
1 9536 9536 9536 -9536 -9536 -9536 0 0 0 0 0 0 0 0 0 0 0 0 479
1 9286 9286 9286 -9286 -9286 -9286 0 0 0 0 0 0 0 0 0 0 0 0 480
2 0 45000 675 0 0 0 0 0 0 0 0 0 0 0 480
4 0 0 0 0 16768830 0 0 0 0 0 0 0 480
3 0 1125 0 0 0 0 0 0 0 0 0 0 0 0 0 78 69 480
1 9036 9036 9036 -9036 -9036 -9036 0 0 0 0 0 0 0 0 0 0 0 0 481
1 8786 8786 8786 -8786 -8786 -8786 0 0 0 0 0 0 0 0 0 0 0 0 482
2 0 45400 681 0 0 0 0 0 0 0 0 0 0 0 482
4 0 0 0 0 16769338 0 0 0 0 0 0 0 482
1 8536 8536 8536 -8536 -8536 -8536 0 0 0 0 0 0 0 0 0 0 0 0 483
1 8286 8286 8286 -8286 -8286 -8286 0 0 0 0 0 0 0 0 0 0 0 0 484
2 0 45800 687 0 0 0 0 0 0 0 0 0 0 0 484
4 0 0 0 0 16769846 0 0 0 0 0 0 0 484
1 8036 8036 8036 -8036 -8036 -8036 0 0 0 0 0 0 0 0 0 0 0 0 485
1 7786 7786 7786 -7786 -7786 -7786 0 0 0 0 0 0 0 0 0 0 0 0 486
2 0 46200 693 0 0 0 0 0 0 0 0 0 0 0 486
4 0 0 0 0 16770354 0 0 0 0 0 0 0 486
1 7536 7536 7536 -7536 -7536 -7536 0 0 0 0 0 0 0 0 0 0 0 0 487
1 7286 7286 7286 -7286 -7286 -7286 0 0 0 0 0 0 0 0 0 0 0 0 488
2 0 46600 699 0 0 0 0 0 0 0 0 0 0 0 488
4 0 0 0 0 16770862 0 0 0 0 0 0 0 488
1 7036 7036 7036 -7036 -7036 -7036 0 0 0 0 0 0 0 0 0 0 0 0 489
1 6786 6786 6786 -6786 -6786 -6786 0 0 0 0 0 0 0 0 0 0 0 0 490
2 0 47000 705 0 0 0 0 0 0 0 0 0 0 0 490
4 0 0 0 0 16771370 0 0 0 0 0 0 0 490
1 6536 6536 6536 -6536 -6536 -6536 0 0 0 0 0 0 0 0 0 0 0 0 491
1 6286 6286 6286 -6286 -6286 -6286 0 0 0 0 0 0 0 0 0 0 0 0 492
2 0 47400 711 0 0 0 0 0 0 0 0 0 0 0 492
4 0 0 0 0 16771878 0 0 0 0 0 0 0 492
1 6036 6036 6036 -6036 -6036 -6036 0 0 0 0 0 0 0 0 0 0 0 0 493
1 5786 5786 5786 -5786 -5786 -5786 0 0 0 0 0 0 0 0 0 0 0 0 494
2 0 47800 717 0 0 0 0 0 0 0 0 0 0 0 494
4 0 0 0 0 16772386 0 0 0 0 0 0 0 494
1 5536 5536 5536 -5536 -5536 -5536 0 0 0 0 0 0 0 0 0 0 0 0 495
1 5286 5286 5286 -5286 -5286 -5286 0 0 0 0 0 0 0 0 0 0 0 0 496
2 0 48200 723 0 0 0 0 0 0 0 0 0 0 0 496
4 0 0 0 0 16772894 0 0 0 0 0 0 0 496
1 5036 5036 5036 -5036 -5036 -5036 0 0 0 0 0 0 0 0 0 0 0 0 497
1 4786 4786 4786 -4786 -4786 -4786 0 0 0 0 0 0 0 0 0 0 0 0 498
2 0 48600 729 0 0 0 0 0 0 0 0 0 0 0 498
4 0 0 0 0 16773402 0 0 0 0 0 0 0 498
1 4536 4536 4536 -4536 -4536 -4536 0 0 0 0 0 0 0 0 0 0 0 0 499
1 4286 4286 4286 -4286 -4286 -4286 0 0 0 0 0 0 0 0 0 0 0 0 500
2 0 49000 735 0 0 0 0 0 0 0 0 0 0 0 500
4 0 0 0 0 16773910 0 0 0 0 0 0 0 500
3 0 1225 0 0 0 0 0 0 0 0 0 0 0 0 0 78 69 500
1 4036 4036 4036 -4036 -4036 -4036 0 0 0 0 0 0 0 0 0 0 0 0 501
1 3786 3786 3786 -3786 -3786 -3786 0 0 0 0 0 0 0 0 0 0 0 0 502
2 0 49400 741 0 0 0 0 0 0 0 0 0 0 0 502
4 0 0 0 0 16774418 0 0 0 0 0 0 0 502
1 3536 3536 3536 -3536 -3536 -3536 0 0 0 0 0 0 0 0 0 0 0 0 503
1 3286 3286 3286 -3286 -3286 -3286 0 0 0 0 0 0 0 0 0 0 0 0 504
2 0 49800 747 0 0 0 0 0 0 0 0 0 0 0 504
4 0 0 0 0 16774926 0 0 0 0 0 0 0 504
1 3036 3036 3036 -3036 -3036 -3036 0 0 0 0 0 0 0 0 0 0 0 0 505
1 2786 2786 2786 -2786 -2786 -2786 0 0 0 0 0 0 0 0 0 0 0 0 506
2 0 50200 753 0 0 0 0 0 0 0 0 0 0 0 506
4 0 0 0 0 16775434 0 0 0 0 0 0 0 506
1 2536 2536 2536 -2536 -2536 -2536 0 0 0 0 0 0 0 0 0 0 0 0 507
1 2286 2286 2286 -2286 -2286 -2286 0 0 0 0 0 0 0 0 0 0 0 0 508
2 0 50600 759 0 0 0 0 0 0 0 0 0 0 0 508
4 0 0 0 0 16775942 0 0 0 0 0 0 0 508
1 2036 2036 2036 -2036 -2036 -2036 0 0 0 0 0 0 0 0 0 0 0 0 509
1 1786 1786 1786 -1786 -1786 -1786 0 0 0 0 0 0 0 0 0 0 0 0 510
2 0 51000 765 0 0 0 0 0 0 0 0 0 0 0 510
4 0 0 0 0 16776450 0 0 0 0 0 0 0 510
1 -250 -250 -250 250 250 250 0 0 0 0 0 0 0 0 0 0 0 0 511
1 -500 -500 -500 500 500 500 0 0 0 0 0 0 0 0 0 0 0 0 512
2 0 400 6 0 0 0 0 0 0 0 0 0 0 0 512
4 0 0 0 0 508 0 0 0 0 0 0 0 512
1 -750 -750 -750 750 750 750 0 0 0 0 0 0 0 0 0 0 0 0 513
1 -1000 -1000 -1000 1000 1000 1000 0 0 0 0 0 0 0 0 0 0 0 0 514
2 0 800 12 0 0 0 0 0 0 0 0 0 0 0 514
4 0 0 0 0 1016 0 0 0 0 0 0 0 514
1 -1250 -1250 -1250 1250 1250 1250 0 0 0 0 0 0 0 0 0 0 0 0 515
1 -1500 -1500 -1500 1500 1500 1500 0 0 0 0 0 0 0 0 0 0 0 0 516
2 0 1200 18 0 0 0 0 0 0 0 0 0 0 0 516
4 0 0 0 0 1524 0 0 0 0 0 0 0 516
1 -1750 -1750 -1750 1750 1750 1750 0 0 0 0 0 0 0 0 0 0 0 0 517
1 -2000 -2000 -2000 2000 2000 2000 0 0 0 0 0 0 0 0 0 0 0 0 518
2 0 1600 24 0 0 0 0 0 0 0 0 0 0 0 518
4 0 0 0 0 2032 0 0 0 0 0 0 0 518
1 -2250 -2250 -2250 2250 2250 2250 0 0 0 0 0 0 0 0 0 0 0 0 519
1 -2500 -2500 -2500 2500 2500 2500 0 0 0 0 0 0 0 0 0 0 0 0 520
2 0 2000 30 0 0 0 0 0 0 0 0 0 0 0 520
4 0 0 0 0 2540 0 0 0 0 0 0 0 520
3 0 50 0 0 0 0 0 0 0 0 0 0 0 0 0 78 69 520
1 -2750 -2750 -2750 2750 2750 2750 0 0 0 0 0 0 0 0 0 0 0 0 521
1 -3000 -3000 -3000 3000 3000 3000 0 0 0 0 0 0 0 0 0 0 0 0 522
2 0 2400 36 0 0 0 0 0 0 0 0 0 0 0 522
4 0 0 0 0 3048 0 0 0 0 0 0 0 522
1 -3250 -3250 -3250 3250 3250 3250 0 0 0 0 0 0 0 0 0 0 0 0 523
1 -3500 -3500 -3500 3500 3500 3500 0 0 0 0 0 0 0 0 0 0 0 0 524
2 0 2800 42 0 0 0 0 0 0 0 0 0 0 0 524
4 0 0 0 0 3556 0 0 0 0 0 0 0 524
1 -3750 -3750 -3750 3750 3750 3750 0 0 0 0 0 0 0 0 0 0 0 0 525
1 -4000 -4000 -4000 4000 4000 4000 0 0 0 0 0 0 0 0 0 0 0 0 526
2 0 3200 48 0 0 0 0 0 0 0 0 0 0 0 526
4 0 0 0 0 4064 0 0 0 0 0 0 0 526
1 -4250 -4250 -4250 4250 4250 4250 0 0 0 0 0 0 0 0 0 0 0 0 527
1 -4500 -4500 -4500 4500 4500 4500 0 0 0 0 0 0 0 0 0 0 0 0 528
2 0 3600 54 0 0 0 0 0 0 0 0 0 0 0 528
4 0 0 0 0 4572 0 0 0 0 0 0 0 528
1 -4750 -4750 -4750 4750 4750 4750 0 0 0 0 0 0 0 0 0 0 0 0 529
1 -5000 -5000 -5000 5000 5000 5000 0 0 0 0 0 0 0 0 0 0 0 0 530
2 0 4000 60 0 0 0 0 0 0 0 0 0 0 0 530
4 0 0 0 0 5080 0 0 0 0 0 0 0 530
1 -5250 -5250 -5250 5250 5250 5250 0 0 0 0 0 0 0 0 0 0 0 0 531
1 -5500 -5500 -5500 5500 5500 5500 0 0 0 0 0 0 0 0 0 0 0 0 532
2 0 4400 66 0 0 0 0 0 0 0 0 0 0 0 532
4 0 0 0 0 5588 0 0 0 0 0 0 0 532
1 -5750 -5750 -5750 5750 5750 5750 0 0 0 0 0 0 0 0 0 0 0 0 533
1 -6000 -6000 -6000 6000 6000 6000 0 0 0 0 0 0 0 0 0 0 0 0 534
2 0 4800 72 0 0 0 0 0 0 0 0 0 0 0 534
4 0 0 0 0 6096 0 0 0 0 0 0 0 534
1 -6250 -6250 -6250 6250 6250 6250 0 0 0 0 0 0 0 0 0 0 0 0 535
1 -6500 -6500 -6500 6500 6500 6500 0 0 0 0 0 0 0 0 0 0 0 0 536
2 0 5200 78 0 0 0 0 0 0 0 0 0 0 0 536
4 0 0 0 0 6604 0 0 0 0 0 0 0 536
1 -6750 -6750 -6750 6750 6750 6750 0 0 0 0 0 0 0 0 0 0 0 0 537
1 -7000 -7000 -7000 7000 7000 7000 0 0 0 0 0 0 0 0 0 0 0 0 538
2 0 5600 84 0 0 0 0 0 0 0 0 0 0 0 538
4 0 0 0 0 7112 0 0 0 0 0 0 0 538
1 -7250 -7250 -7250 7250 7250 7250 0 0 0 0 0 0 0 0 0 0 0 0 539
1 -7500 -7500 -7500 7500 7500 7500 0 0 0 0 0 0 0 0 0 0 0 0 540
2 0 6000 90 0 0 0 0 0 0 0 0 0 0 0 540
4 0 0 0 0 7620 0 0 0 0 0 0 0 540
3 0 150 0 0 0 0 0 0 0 0 0 0 0 0 0 78 69 540
1 -7750 -7750 -7750 7750 7750 7750 0 0 0 0 0 0 0 0 0 0 0 0 541
1 -8000 -8000 -8000 8000 8000 8000 0 0 0 0 0 0 0 0 0 0 0 0 542
2 0 6400 96 0 0 0 0 0 0 0 0 0 0 0 542
4 0 0 0 0 8128 0 0 0 0 0 0 0 542
1 -8250 -8250 -8250 8250 8250 8250 0 0 0 0 0 0 0 0 0 0 0 0 543
1 -8500 -8500 -8500 8500 8500 8500 0 0 0 0 0 0 0 0 0 0 0 0 544
2 0 6800 102 0 0 0 0 0 0 0 0 0 0 0 544
4 0 0 0 0 8636 0 0 0 0 0 0 0 544
1 -8750 -8750 -8750 8750 8750 8750 0 0 0 0 0 0 0 0 0 0 0 0 545
1 -9000 -9000 -9000 9000 9000 9000 0 0 0 0 0 0 0 0 0 0 0 0 546
2 0 7200 108 0 0 0 0 0 0 0 0 0 0 0 546
4 0 0 0 0 9144 0 0 0 0 0 0 0 546
1 -9250 -9250 -9250 9250 9250 9250 0 0 0 0 0 0 0 0 0 0 0 0 547
1 -9500 -9500 -9500 9500 9500 9500 0 0 0 0 0 0 0 0 0 0 0 0 548
2 0 7600 114 0 0 0 0 0 0 0 0 0 0 0 548
4 0 0 0 0 9652 0 0 0 0 0 0 0 548
1 -9750 -9750 -9750 9750 9750 9750 0 0 0 0 0 0 0 0 0 0 0 0 549
1 -10000 -10000 -10000 10000 10000 10000 0 0 0 0 0 0 0 0 0 0 0 0 550
2 0 8000 120 0 0 0 0 0 0 0 0 0 0 0 550
4 0 0 0 0 10160 0 0 0 0 0 0 0 550
1 -10250 -10250 -10250 10250 10250 10250 0 0 0 0 0 0 0 0 0 0 0 0 551
1 -10500 -10500 -10500 10500 10500 10500 0 0 0 0 0 0 0 0 0 0 0 0 552
2 0 8400 126 0 0 0 0 0 0 0 0 0 0 0 552
4 0 0 0 0 10668 0 0 0 0 0 0 0 552
1 -10750 -10750 -10750 10750 10750 10750 0 0 0 0 0 0 0 0 0 0 0 0 553
1 -11000 -11000 -11000 11000 11000 11000 0 0 0 0 0 0 0 0 0 0 0 0 554
2 0 8800 132 0 0 0 0 0 0 0 0 0 0 0 554
4 0 0 0 0 11176 0 0 0 0 0 0 0 554
1 -11250 -11250 -11250 11250 11250 11250 0 0 0 0 0 0 0 0 0 0 0 0 555
1 -11500 -11500 -11500 11500 11500 11500 0 0 0 0 0 0 0 0 0 0 0 0 556
2 0 9200 138 0 0 0 0 0 0 0 0 0 0 0 556
4 0 0 0 0 11684 0 0 0 0 0 0 0 556
1 -11750 -11750 -11750 11750 11750 11750 0 0 0 0 0 0 0 0 0 0 0 0 557
1 -12000 -12000 -12000 12000 12000 12000 0 0 0 0 0 0 0 0 0 0 0 0 558
2 0 9600 144 0 0 0 0 0 0 0 0 0 0 0 558
4 0 0 0 0 12192 0 0 0 0 0 0 0 558
1 -12250 -12250 -12250 12250 12250 12250 0 0 0 0 0 0 0 0 0 0 0 0 559
1 -12500 -12500 -12500 12500 12500 12500 0 0 0 0 0 0 0 0 0 0 0 0 560
2 0 10000 150 0 0 0 0 0 0 0 0 0 0 0 560
4 0 0 0 0 12700 0 0 0 0 0 0 0 560
3 0 250 0 0 0 0 0 0 0 0 0 0 0 0 0 78 69 560
1 -12750 -12750 -12750 12750 12750 12750 0 0 0 0 0 0 0 0 0 0 0 0 561
1 -13000 -13000 -13000 13000 13000 13000 0 0 0 0 0 0 0 0 0 0 0 0 562
2 0 10400 156 0 0 0 0 0 0 0 0 0 0 0 562
4 0 0 0 0 13208 0 0 0 0 0 0 0 562
1 -13250 -13250 -13250 13250 13250 13250 0 0 0 0 0 0 0 0 0 0 0 0 563
1 -13500 -13500 -13500 13500 13500 13500 0 0 0 0 0 0 0 0 0 0 0 0 564
2 0 10800 162 0 0 0 0 0 0 0 0 0 0 0 564
4 0 0 0 0 13716 0 0 0 0 0 0 0 564
1 -13750 -13750 -13750 13750 13750 13750 0 0 0 0 0 0 0 0 0 0 0 0 565
1 -14000 -14000 -14000 14000 14000 14000 0 0 0 0 0 0 0 0 0 0 0 0 566
2 0 11200 168 0 0 0 0 0 0 0 0 0 0 0 566
4 0 0 0 0 14224 0 0 0 0 0 0 0 566
1 -14250 -14250 -14250 14250 14250 14250 0 0 0 0 0 0 0 0 0 0 0 0 567
1 -14500 -14500 -14500 14500 14500 14500 0 0 0 0 0 0 0 0 0 0 0 0 568
2 0 11600 174 0 0 0 0 0 0 0 0 0 0 0 568
4 0 0 0 0 14732 0 0 0 0 0 0 0 568
1 -14750 -14750 -14750 14750 14750 14750 0 0 0 0 0 0 0 0 0 0 0 0 569
1 -15000 -15000 -15000 15000 15000 15000 0 0 0 0 0 0 0 0 0 0 0 0 570
2 0 12000 180 0 0 0 0 0 0 0 0 0 0 0 570
4 0 0 0 0 15240 0 0 0 0 0 0 0 570
1 -15250 -15250 -15250 15250 15250 15250 0 0 0 0 0 0 0 0 0 0 0 0 571
1 -15500 -15500 -15500 15500 15500 15500 0 0 0 0 0 0 0 0 0 0 0 0 572
2 0 12400 186 0 0 0 0 0 0 0 0 0 0 0 572
4 0 0 0 0 15748 0 0 0 0 0 0 0 572
1 -15750 -15750 -15750 15750 15750 15750 0 0 0 0 0 0 0 0 0 0 0 0 573
1 -16000 -16000 -16000 16000 16000 16000 0 0 0 0 0 0 0 0 0 0 0 0 574
2 0 12800 192 0 0 0 0 0 0 0 0 0 0 0 574
4 0 0 0 0 16256 0 0 0 0 0 0 0 574
1 -16250 -16250 -16250 16250 16250 16250 0 0 0 0 0 0 0 0 0 0 0 0 575
1 -16500 -16500 -16500 16500 16500 16500 0 0 0 0 0 0 0 0 0 0 0 0 576
2 0 13200 198 0 0 0 0 0 0 0 0 0 0 0 576
4 0 0 0 0 16764 0 0 0 0 0 0 0 576
1 -16750 -16750 -16750 16750 16750 16750 0 0 0 0 0 0 0 0 0 0 0 0 577
1 -17000 -17000 -17000 17000 17000 17000 0 0 0 0 0 0 0 0 0 0 0 0 578
2 0 13600 204 0 0 0 0 0 0 0 0 0 0 0 578
4 0 0 0 0 17272 0 0 0 0 0 0 0 578
1 -17250 -17250 -17250 17250 17250 17250 0 0 0 0 0 0 0 0 0 0 0 0 579
1 -17500 -17500 -17500 17500 17500 17500 0 0 0 0 0 0 0 0 0 0 0 0 580
2 0 14000 210 0 0 0 0 0 0 0 0 0 0 0 580
4 0 0 0 0 17780 0 0 0 0 0 0 0 580
3 0 350 0 0 0 0 0 0 0 0 0 0 0 0 0 78 69 580
1 -17750 -17750 -17750 17750 17750 17750 0 0 0 0 0 0 0 0 0 0 0 0 581
1 -18000 -18000 -18000 18000 18000 18000 0 0 0 0 0 0 0 0 0 0 0 0 582
2 0 14400 216 0 0 0 0 0 0 0 0 0 0 0 582
4 0 0 0 0 18288 0 0 0 0 0 0 0 582
1 -18250 -18250 -18250 18250 18250 18250 0 0 0 0 0 0 0 0 0 0 0 0 583
1 -18500 -18500 -18500 18500 18500 18500 0 0 0 0 0 0 0 0 0 0 0 0 584
2 0 14800 222 0 0 0 0 0 0 0 0 0 0 0 584
4 0 0 0 0 18796 0 0 0 0 0 0 0 584
1 -18750 -18750 -18750 18750 18750 18750 0 0 0 0 0 0 0 0 0 0 0 0 585
1 -19000 -19000 -19000 19000 19000 19000 0 0 0 0 0 0 0 0 0 0 0 0 586
2 0 15200 228 0 0 0 0 0 0 0 0 0 0 0 586
4 0 0 0 0 19304 0 0 0 0 0 0 0 586
1 -19250 -19250 -19250 19250 19250 19250 0 0 0 0 0 0 0 0 0 0 0 0 587
1 -19500 -19500 -19500 19500 19500 19500 0 0 0 0 0 0 0 0 0 0 0 0 588
2 0 15600 234 0 0 0 0 0 0 0 0 0 0 0 588
4 0 0 0 0 19812 0 0 0 0 0 0 0 588
1 -19750 -19750 -19750 19750 19750 19750 0 0 0 0 0 0 0 0 0 0 0 0 589
1 -20000 -20000 -20000 20000 20000 20000 0 0 0 0 0 0 0 0 0 0 0 0 590
2 0 16000 240 0 0 0 0 0 0 0 0 0 0 0 590
4 0 0 0 0 20320 0 0 0 0 0 0 0 590
1 -20250 -20250 -20250 20250 20250 20250 0 0 0 0 0 0 0 0 0 0 0 0 591
1 -20500 -20500 -20500 20500 20500 20500 0 0 0 0 0 0 0 0 0 0 0 0 592
2 0 16400 246 0 0 0 0 0 0 0 0 0 0 0 592
4 0 0 0 0 20828 0 0 0 0 0 0 0 592
1 -20750 -20750 -20750 20750 20750 20750 0 0 0 0 0 0 0 0 0 0 0 0 593
1 -21000 -21000 -21000 21000 21000 21000 0 0 0 0 0 0 0 0 0 0 0 0 594
2 0 16800 252 0 0 0 0 0 0 0 0 0 0 0 594
4 0 0 0 0 21336 0 0 0 0 0 0 0 594
1 -21250 -21250 -21250 21250 21250 21250 0 0 0 0 0 0 0 0 0 0 0 0 595
1 -21500 -21500 -21500 21500 21500 21500 0 0 0 0 0 0 0 0 0 0 0 0 596
2 0 17200 258 0 0 0 0 0 0 0 0 0 0 0 596
4 0 0 0 0 21844 0 0 0 0 0 0 0 596
1 -21750 -21750 -21750 21750 21750 21750 0 0 0 0 0 0 0 0 0 0 0 0 597
1 -22000 -22000 -22000 22000 22000 22000 0 0 0 0 0 0 0 0 0 0 0 0 598
2 0 17600 264 0 0 0 0 0 0 0 0 0 0 0 598
4 0 0 0 0 22352 0 0 0 0 0 0 0 598
1 -22250 -22250 -22250 22250 22250 22250 0 0 0 0 0 0 0 0 0 0 0 0 599
1 -22500 -22500 -22500 22500 22500 22500 0 0 0 0 0 0 0 0 0 0 0 0 600
2 0 18000 270 0 0 0 0 0 0 0 0 0 0 0 600
4 0 0 0 0 22860 0 0 0 0 0 0 0 600
3 0 450 0 0 0 0 0 0 0 0 0 0 0 0 0 78 69 600
1 -22750 -22750 -22750 22750 22750 22750 0 0 0 0 0 0 0 0 0 0 0 0 601
1 -23000 -23000 -23000 23000 23000 23000 0 0 0 0 0 0 0 0 0 0 0 0 602
2 0 18400 276 0 0 0 0 0 0 0 0 0 0 0 602
4 0 0 0 0 23368 0 0 0 0 0 0 0 602
1 -23250 -23250 -23250 23250 23250 23250 0 0 0 0 0 0 0 0 0 0 0 0 603
1 -23500 -23500 -23500 23500 23500 23500 0 0 0 0 0 0 0 0 0 0 0 0 604
2 0 18800 282 0 0 0 0 0 0 0 0 0 0 0 604
4 0 0 0 0 23876 0 0 0 0 0 0 0 604
1 -23750 -23750 -23750 23750 23750 23750 0 0 0 0 0 0 0 0 0 0 0 0 605
1 -24000 -24000 -24000 24000 24000 24000 0 0 0 0 0 0 0 0 0 0 0 0 606
2 0 19200 288 0 0 0 0 0 0 0 0 0 0 0 606
4 0 0 0 0 24384 0 0 0 0 0 0 0 606
1 -24250 -24250 -24250 24250 24250 24250 0 0 0 0 0 0 0 0 0 0 0 0 607
1 -24500 -24500 -24500 24500 24500 24500 0 0 0 0 0 0 0 0 0 0 0 0 608
2 0 19600 294 0 0 0 0 0 0 0 0 0 0 0 608
4 0 0 0 0 24892 0 0 0 0 0 0 0 608
1 -24750 -24750 -24750 24750 24750 24750 0 0 0 0 0 0 0 0 0 0 0 0 609
1 -25000 -25000 -25000 25000 25000 25000 0 0 0 0 0 0 0 0 0 0 0 0 610
2 0 20000 300 0 0 0 0 0 0 0 0 0 0 0 610
4 0 0 0 0 25400 0 0 0 0 0 0 0 610
1 -25250 -25250 -25250 25250 25250 25250 0 0 0 0 0 0 0 0 0 0 0 0 611
1 -25500 -25500 -25500 25500 25500 25500 0 0 0 0 0 0 0 0 0 0 0 0 612
2 0 20400 306 0 0 0 0 0 0 0 0 0 0 0 612
4 0 0 0 0 25908 0 0 0 0 0 0 0 612
1 -25750 -25750 -25750 25750 25750 25750 0 0 0 0 0 0 0 0 0 0 0 0 613
1 -26000 -26000 -26000 26000 26000 26000 0 0 0 0 0 0 0 0 0 0 0 0 614
2 0 20800 312 0 0 0 0 0 0 0 0 0 0 0 614
4 0 0 0 0 26416 0 0 0 0 0 0 0 614
1 -26250 -26250 -26250 26250 26250 26250 0 0 0 0 0 0 0 0 0 0 0 0 615
1 -26500 -26500 -26500 26500 26500 26500 0 0 0 0 0 0 0 0 0 0 0 0 616
2 0 21200 318 0 0 0 0 0 0 0 0 0 0 0 616
4 0 0 0 0 26924 0 0 0 0 0 0 0 616
1 -26750 -26750 -26750 26750 26750 26750 0 0 0 0 0 0 0 0 0 0 0 0 617
1 -27000 -27000 -27000 27000 27000 27000 0 0 0 0 0 0 0 0 0 0 0 0 618
2 0 21600 324 0 0 0 0 0 0 0 0 0 0 0 618
4 0 0 0 0 27432 0 0 0 0 0 0 0 618
1 -27250 -27250 -27250 27250 27250 27250 0 0 0 0 0 0 0 0 0 0 0 0 619
1 -27500 -27500 -27500 27500 27500 27500 0 0 0 0 0 0 0 0 0 0 0 0 620
2 0 22000 330 0 0 0 0 0 0 0 0 0 0 0 620
4 0 0 0 0 27940 0 0 0 0 0 0 0 620
3 0 550 0 0 0 0 0 0 0 0 0 0 0 0 0 78 69 620
1 -27750 -27750 -27750 27750 27750 27750 0 0 0 0 0 0 0 0 0 0 0 0 621
1 -28000 -28000 -28000 28000 28000 28000 0 0 0 0 0 0 0 0 0 0 0 0 622
2 0 22400 336 0 0 0 0 0 0 0 0 0 0 0 622
4 0 0 0 0 28448 0 0 0 0 0 0 0 622
1 -28250 -28250 -28250 28250 28250 28250 0 0 0 0 0 0 0 0 0 0 0 0 623
1 -28500 -28500 -28500 28500 28500 28500 0 0 0 0 0 0 0 0 0 0 0 0 624
2 0 22800 342 0 0 0 0 0 0 0 0 0 0 0 624
4 0 0 0 0 28956 0 0 0 0 0 0 0 624
1 -28750 -28750 -28750 28750 28750 28750 0 0 0 0 0 0 0 0 0 0 0 0 625
1 -29000 -29000 -29000 29000 29000 29000 0 0 0 0 0 0 0 0 0 0 0 0 626
2 0 23200 348 0 0 0 0 0 0 0 0 0 0 0 626
4 0 0 0 0 29464 0 0 0 0 0 0 0 626
1 -29250 -29250 -29250 29250 29250 29250 0 0 0 0 0 0 0 0 0 0 0 0 627
1 -29500 -29500 -29500 29500 29500 29500 0 0 0 0 0 0 0 0 0 0 0 0 628
2 0 23600 354 0 0 0 0 0 0 0 0 0 0 0 628
4 0 0 0 0 29972 0 0 0 0 0 0 0 628
1 -29750 -29750 -29750 29750 29750 29750 0 0 0 0 0 0 0 0 0 0 0 0 629
1 -30000 -30000 -30000 30000 30000 30000 0 0 0 0 0 0 0 0 0 0 0 0 630
2 0 24000 360 0 0 0 0 0 0 0 0 0 0 0 630
4 0 0 0 0 30480 0 0 0 0 0 0 0 630
1 -30250 -30250 -30250 30250 30250 30250 0 0 0 0 0 0 0 0 0 0 0 0 631
1 -30500 -30500 -30500 30500 30500 30500 0 0 0 0 0 0 0 0 0 0 0 0 632
2 0 24400 366 0 0 0 0 0 0 0 0 0 0 0 632
4 0 0 0 0 30988 0 0 0 0 0 0 0 632
1 -30750 -30750 -30750 30750 30750 30750 0 0 0 0 0 0 0 0 0 0 0 0 633
1 -31000 -31000 -31000 31000 31000 31000 0 0 0 0 0 0 0 0 0 0 0 0 634
2 0 24800 372 0 0 0 0 0 0 0 0 0 0 0 634
4 0 0 0 0 31496 0 0 0 0 0 0 0 634
1 -31250 -31250 -31250 31250 31250 31250 0 0 0 0 0 0 0 0 0 0 0 0 635
1 -31500 -31500 -31500 31500 31500 31500 0 0 0 0 0 0 0 0 0 0 0 0 636
2 0 25200 378 0 0 0 0 0 0 0 0 0 0 0 636
4 0 0 0 0 32004 0 0 0 0 0 0 0 636
1 -31750 -31750 -31750 31750 31750 31750 0 0 0 0 0 0 0 0 0 0 0 0 637
1 -32000 -32000 -32000 32000 32000 32000 0 0 0 0 0 0 0 0 0 0 0 0 638
2 0 25600 384 0 0 0 0 0 0 0 0 0 0 0 638
4 0 0 0 0 32512 0 0 0 0 0 0 0 638
1 -32250 -32250 -32250 32250 32250 32250 0 0 0 0 0 0 0 0 0 0 0 0 639
1 -32500 -32500 -32500 32500 32500 32500 0 0 0 0 0 0 0 0 0 0 0 0 640
2 0 26000 390 0 0 0 0 0 0 0 0 0 0 0 640
4 0 0 0 0 16744700 0 0 0 0 0 0 0 640
3 0 650 0 0 0 0 0 0 0 0 0 0 0 0 0 78 69 640
1 -32750 -32750 -32750 32750 32750 32750 0 0 0 0 0 0 0 0 0 0 0 0 641
1 32536 32536 32536 -32536 -32536 -32536 0 0 0 0 0 0 0 0 0 0 0 0 642
2 0 26400 396 0 0 0 0 0 0 0 0 0 0 0 642
4 0 0 0 0 16745208 0 0 0 0 0 0 0 642
1 32286 32286 32286 -32286 -32286 -32286 0 0 0 0 0 0 0 0 0 0 0 0 643
1 32036 32036 32036 -32036 -32036 -32036 0 0 0 0 0 0 0 0 0 0 0 0 644
2 0 26800 402 0 0 0 0 0 0 0 0 0 0 0 644
4 0 0 0 0 16745716 0 0 0 0 0 0 0 644
1 31786 31786 31786 -31786 -31786 -31786 0 0 0 0 0 0 0 0 0 0 0 0 645
1 31536 31536 31536 -31536 -31536 -31536 0 0 0 0 0 0 0 0 0 0 0 0 646
2 0 27200 408 0 0 0 0 0 0 0 0 0 0 0 646
4 0 0 0 0 16746224 0 0 0 0 0 0 0 646
1 31286 31286 31286 -31286 -31286 -31286 0 0 0 0 0 0 0 0 0 0 0 0 647
1 31036 31036 31036 -31036 -31036 -31036 0 0 0 0 0 0 0 0 0 0 0 0 648
2 0 27600 414 0 0 0 0 0 0 0 0 0 0 0 648
4 0 0 0 0 16746732 0 0 0 0 0 0 0 648
1 30786 30786 30786 -30786 -30786 -30786 0 0 0 0 0 0 0 0 0 0 0 0 649
1 30536 30536 30536 -30536 -30536 -30536 0 0 0 0 0 0 0 0 0 0 0 0 650
2 0 28000 420 0 0 0 0 0 0 0 0 0 0 0 650
4 0 0 0 0 16747240 0 0 0 0 0 0 0 650
1 30286 30286 30286 -30286 -30286 -30286 0 0 0 0 0 0 0 0 0 0 0 0 651
1 30036 30036 30036 -30036 -30036 -30036 0 0 0 0 0 0 0 0 0 0 0 0 652
2 0 28400 426 0 0 0 0 0 0 0 0 0 0 0 652
4 0 0 0 0 16747748 0 0 0 0 0 0 0 652
1 29786 29786 29786 -29786 -29786 -29786 0 0 0 0 0 0 0 0 0 0 0 0 653
1 29536 29536 29536 -29536 -29536 -29536 0 0 0 0 0 0 0 0 0 0 0 0 654
2 0 28800 432 0 0 0 0 0 0 0 0 0 0 0 654
4 0 0 0 0 16748256 0 0 0 0 0 0 0 654
1 29286 29286 29286 -29286 -29286 -29286 0 0 0 0 0 0 0 0 0 0 0 0 655
1 29036 29036 29036 -29036 -29036 -29036 0 0 0 0 0 0 0 0 0 0 0 0 656
2 0 29200 438 0 0 0 0 0 0 0 0 0 0 0 656
4 0 0 0 0 16748764 0 0 0 0 0 0 0 656
1 28786 28786 28786 -28786 -28786 -28786 0 0 0 0 0 0 0 0 0 0 0 0 657
1 28536 28536 28536 -28536 -28536 -28536 0 0 0 0 0 0 0 0 0 0 0 0 658
2 0 29600 444 0 0 0 0 0 0 0 0 0 0 0 658
4 0 0 0 0 16749272 0 0 0 0 0 0 0 658
1 28286 28286 28286 -28286 -28286 -28286 0 0 0 0 0 0 0 0 0 0 0 0 659
1 28036 28036 28036 -28036 -28036 -28036 0 0 0 0 0 0 0 0 0 0 0 0 660
2 0 30000 450 0 0 0 0 0 0 0 0 0 0 0 660
4 0 0 0 0 16749780 0 0 0 0 0 0 0 660
3 0 750 0 0 0 0 0 0 0 0 0 0 0 0 0 78 69 660
1 27786 27786 27786 -27786 -27786 -27786 0 0 0 0 0 0 0 0 0 0 0 0 661
1 27536 27536 27536 -27536 -27536 -27536 0 0 0 0 0 0 0 0 0 0 0 0 662
2 0 30400 456 0 0 0 0 0 0 0 0 0 0 0 662
4 0 0 0 0 16750288 0 0 0 0 0 0 0 662
1 27286 27286 27286 -27286 -27286 -27286 0 0 0 0 0 0 0 0 0 0 0 0 663
1 27036 27036 27036 -27036 -27036 -27036 0 0 0 0 0 0 0 0 0 0 0 0 664
2 0 30800 462 0 0 0 0 0 0 0 0 0 0 0 664
4 0 0 0 0 16750796 0 0 0 0 0 0 0 664
1 26786 26786 26786 -26786 -26786 -26786 0 0 0 0 0 0 0 0 0 0 0 0 665
1 26536 26536 26536 -26536 -26536 -26536 0 0 0 0 0 0 0 0 0 0 0 0 666
2 0 31200 468 0 0 0 0 0 0 0 0 0 0 0 666
4 0 0 0 0 16751304 0 0 0 0 0 0 0 666
1 26286 26286 26286 -26286 -26286 -26286 0 0 0 0 0 0 0 0 0 0 0 0 667
1 26036 26036 26036 -26036 -26036 -26036 0 0 0 0 0 0 0 0 0 0 0 0 668
2 0 31600 474 0 0 0 0 0 0 0 0 0 0 0 668
4 0 0 0 0 16751812 0 0 0 0 0 0 0 668
1 25786 25786 25786 -25786 -25786 -25786 0 0 0 0 0 0 0 0 0 0 0 0 669
1 25536 25536 25536 -25536 -25536 -25536 0 0 0 0 0 0 0 0 0 0 0 0 670
2 0 32000 480 0 0 0 0 0 0 0 0 0 0 0 670
4 0 0 0 0 16752320 0 0 0 0 0 0 0 670
1 25286 25286 25286 -25286 -25286 -25286 0 0 0 0 0 0 0 0 0 0 0 0 671
1 25036 25036 25036 -25036 -25036 -25036 0 0 0 0 0 0 0 0 0 0 0 0 672
2 0 32400 486 0 0 0 0 0 0 0 0 0 0 0 672
4 0 0 0 0 16752828 0 0 0 0 0 0 0 672
1 24786 24786 24786 -24786 -24786 -24786 0 0 0 0 0 0 0 0 0 0 0 0 673
1 24536 24536 24536 -24536 -24536 -24536 0 0 0 0 0 0 0 0 0 0 0 0 674
2 0 32800 492 0 0 0 0 0 0 0 0 0 0 0 674
4 0 0 0 0 16753336 0 0 0 0 0 0 0 674
1 24286 24286 24286 -24286 -24286 -24286 0 0 0 0 0 0 0 0 0 0 0 0 675
1 24036 24036 24036 -24036 -24036 -24036 0 0 0 0 0 0 0 0 0 0 0 0 676
2 0 33200 498 0 0 0 0 0 0 0 0 0 0 0 676
4 0 0 0 0 16753844 0 0 0 0 0 0 0 676
1 23786 23786 23786 -23786 -23786 -23786 0 0 0 0 0 0 0 0 0 0 0 0 677
1 23536 23536 23536 -23536 -23536 -23536 0 0 0 0 0 0 0 0 0 0 0 0 678
2 0 33600 504 0 0 0 0 0 0 0 0 0 0 0 678
4 0 0 0 0 16754352 0 0 0 0 0 0 0 678
1 23286 23286 23286 -23286 -23286 -23286 0 0 0 0 0 0 0 0 0 0 0 0 679
1 23036 23036 23036 -23036 -23036 -23036 0 0 0 0 0 0 0 0 0 0 0 0 680
2 0 34000 510 0 0 0 0 0 0 0 0 0 0 0 680
4 0 0 0 0 16754860 0 0 0 0 0 0 0 680
3 0 850 0 0 0 0 0 0 0 0 0 0 0 0 0 78 69 680
1 22786 22786 22786 -22786 -22786 -22786 0 0 0 0 0 0 0 0 0 0 0 0 681
1 22536 22536 22536 -22536 -22536 -22536 0 0 0 0 0 0 0 0 0 0 0 0 682
2 0 34400 516 0 0 0 0 0 0 0 0 0 0 0 682
4 0 0 0 0 16755368 0 0 0 0 0 0 0 682
1 22286 22286 22286 -22286 -22286 -22286 0 0 0 0 0 0 0 0 0 0 0 0 683
1 22036 22036 22036 -22036 -22036 -22036 0 0 0 0 0 0 0 0 0 0 0 0 684
2 0 34800 522 0 0 0 0 0 0 0 0 0 0 0 684
4 0 0 0 0 16755876 0 0 0 0 0 0 0 684
1 21786 21786 21786 -21786 -21786 -21786 0 0 0 0 0 0 0 0 0 0 0 0 685
1 21536 21536 21536 -21536 -21536 -21536 0 0 0 0 0 0 0 0 0 0 0 0 686
2 0 35200 528 0 0 0 0 0 0 0 0 0 0 0 686
4 0 0 0 0 16756384 0 0 0 0 0 0 0 686
1 21286 21286 21286 -21286 -21286 -21286 0 0 0 0 0 0 0 0 0 0 0 0 687
1 21036 21036 21036 -21036 -21036 -21036 0 0 0 0 0 0 0 0 0 0 0 0 688
2 0 35600 534 0 0 0 0 0 0 0 0 0 0 0 688
4 0 0 0 0 16756892 0 0 0 0 0 0 0 688
1 20786 20786 20786 -20786 -20786 -20786 0 0 0 0 0 0 0 0 0 0 0 0 689
1 20536 20536 20536 -20536 -20536 -20536 0 0 0 0 0 0 0 0 0 0 0 0 690
2 0 36000 540 0 0 0 0 0 0 0 0 0 0 0 690
4 0 0 0 0 16757400 0 0 0 0 0 0 0 690
1 20286 20286 20286 -20286 -20286 -20286 0 0 0 0 0 0 0 0 0 0 0 0 691
1 20036 20036 20036 -20036 -20036 -20036 0 0 0 0 0 0 0 0 0 0 0 0 692
2 0 36400 546 0 0 0 0 0 0 0 0 0 0 0 692
4 0 0 0 0 16757908 0 0 0 0 0 0 0 692
1 19786 19786 19786 -19786 -19786 -19786 0 0 0 0 0 0 0 0 0 0 0 0 693
1 19536 19536 19536 -19536 -19536 -19536 0 0 0 0 0 0 0 0 0 0 0 0 694
2 0 36800 552 0 0 0 0 0 0 0 0 0 0 0 694
4 0 0 0 0 16758416 0 0 0 0 0 0 0 694
1 19286 19286 19286 -19286 -19286 -19286 0 0 0 0 0 0 0 0 0 0 0 0 695
1 19036 19036 19036 -19036 -19036 -19036 0 0 0 0 0 0 0 0 0 0 0 0 696
2 0 37200 558 0 0 0 0 0 0 0 0 0 0 0 696
4 0 0 0 0 16758924 0 0 0 0 0 0 0 696
1 18786 18786 18786 -18786 -18786 -18786 0 0 0 0 0 0 0 0 0 0 0 0 697
1 18536 18536 18536 -18536 -18536 -18536 0 0 0 0 0 0 0 0 0 0 0 0 698
2 0 37600 564 0 0 0 0 0 0 0 0 0 0 0 698
4 0 0 0 0 16759432 0 0 0 0 0 0 0 698
1 18286 18286 18286 -18286 -18286 -18286 0 0 0 0 0 0 0 0 0 0 0 0 699
1 18036 18036 18036 -18036 -18036 -18036 0 0 0 0 0 0 0 0 0 0 0 0 700
2 0 38000 570 0 0 0 0 0 0 0 0 0 0 0 700
4 0 0 0 0 16759940 0 0 0 0 0 0 0 700
3 0 950 0 0 0 0 0 0 0 0 0 0 0 0 0 78 69 700
1 17786 17786 17786 -17786 -17786 -17786 0 0 0 0 0 0 0 0 0 0 0 0 701
1 17536 17536 17536 -17536 -17536 -17536 0 0 0 0 0 0 0 0 0 0 0 0 702
2 0 38400 576 0 0 0 0 0 0 0 0 0 0 0 702
4 0 0 0 0 16760448 0 0 0 0 0 0 0 702
1 17286 17286 17286 -17286 -17286 -17286 0 0 0 0 0 0 0 0 0 0 0 0 703
1 17036 17036 17036 -17036 -17036 -17036 0 0 0 0 0 0 0 0 0 0 0 0 704
2 0 38800 582 0 0 0 0 0 0 0 0 0 0 0 704
4 0 0 0 0 16760956 0 0 0 0 0 0 0 704
1 16786 16786 16786 -16786 -16786 -16786 0 0 0 0 0 0 0 0 0 0 0 0 705
1 16536 16536 16536 -16536 -16536 -16536 0 0 0 0 0 0 0 0 0 0 0 0 706
2 0 39200 588 0 0 0 0 0 0 0 0 0 0 0 706
4 0 0 0 0 16761464 0 0 0 0 0 0 0 706
1 16286 16286 16286 -16286 -16286 -16286 0 0 0 0 0 0 0 0 0 0 0 0 707
1 16036 16036 16036 -16036 -16036 -16036 0 0 0 0 0 0 0 0 0 0 0 0 708
2 0 39600 594 0 0 0 0 0 0 0 0 0 0 0 708
4 0 0 0 0 16761972 0 0 0 0 0 0 0 708
1 15786 15786 15786 -15786 -15786 -15786 0 0 0 0 0 0 0 0 0 0 0 0 709
1 15536 15536 15536 -15536 -15536 -15536 0 0 0 0 0 0 0 0 0 0 0 0 710
2 0 40000 600 0 0 0 0 0 0 0 0 0 0 0 710
4 0 0 0 0 16762480 0 0 0 0 0 0 0 710
1 15286 15286 15286 -15286 -15286 -15286 0 0 0 0 0 0 0 0 0 0 0 0 711
1 15036 15036 15036 -15036 -15036 -15036 0 0 0 0 0 0 0 0 0 0 0 0 712
2 0 40400 606 0 0 0 0 0 0 0 0 0 0 0 712
4 0 0 0 0 16762988 0 0 0 0 0 0 0 712
1 14786 14786 14786 -14786 -14786 -14786 0 0 0 0 0 0 0 0 0 0 0 0 713
1 14536 14536 14536 -14536 -14536 -14536 0 0 0 0 0 0 0 0 0 0 0 0 714
2 0 40800 612 0 0 0 0 0 0 0 0 0 0 0 714
4 0 0 0 0 16763496 0 0 0 0 0 0 0 714
1 14286 14286 14286 -14286 -14286 -14286 0 0 0 0 0 0 0 0 0 0 0 0 715
1 14036 14036 14036 -14036 -14036 -14036 0 0 0 0 0 0 0 0 0 0 0 0 716
2 0 41200 618 0 0 0 0 0 0 0 0 0 0 0 716
4 0 0 0 0 16764004 0 0 0 0 0 0 0 716
1 13786 13786 13786 -13786 -13786 -13786 0 0 0 0 0 0 0 0 0 0 0 0 717
1 13536 13536 13536 -13536 -13536 -13536 0 0 0 0 0 0 0 0 0 0 0 0 718
2 0 41600 624 0 0 0 0 0 0 0 0 0 0 0 718
4 0 0 0 0 16764512 0 0 0 0 0 0 0 718
1 13286 13286 13286 -13286 -13286 -13286 0 0 0 0 0 0 0 0 0 0 0 0 719
1 13036 13036 13036 -13036 -13036 -13036 0 0 0 0 0 0 0 0 0 0 0 0 720
2 0 42000 630 0 0 0 0 0 0 0 0 0 0 0 720
4 0 0 0 0 16765020 0 0 0 0 0 0 0 720
3 0 1050 0 0 0 0 0 0 0 0 0 0 0 0 0 78 69 720
1 12786 12786 12786 -12786 -12786 -12786 0 0 0 0 0 0 0 0 0 0 0 0 721
1 12536 12536 12536 -12536 -12536 -12536 0 0 0 0 0 0 0 0 0 0 0 0 722
2 0 42400 636 0 0 0 0 0 0 0 0 0 0 0 722
4 0 0 0 0 16765528 0 0 0 0 0 0 0 722
1 12286 12286 12286 -12286 -12286 -12286 0 0 0 0 0 0 0 0 0 0 0 0 723
1 12036 12036 12036 -12036 -12036 -12036 0 0 0 0 0 0 0 0 0 0 0 0 724
2 0 42800 642 0 0 0 0 0 0 0 0 0 0 0 724
4 0 0 0 0 16766036 0 0 0 0 0 0 0 724
1 11786 11786 11786 -11786 -11786 -11786 0 0 0 0 0 0 0 0 0 0 0 0 725
1 11536 11536 11536 -11536 -11536 -11536 0 0 0 0 0 0 0 0 0 0 0 0 726
2 0 43200 648 0 0 0 0 0 0 0 0 0 0 0 726
4 0 0 0 0 16766544 0 0 0 0 0 0 0 726
1 11286 11286 11286 -11286 -11286 -11286 0 0 0 0 0 0 0 0 0 0 0 0 727
1 11036 11036 11036 -11036 -11036 -11036 0 0 0 0 0 0 0 0 0 0 0 0 728
2 0 43600 654 0 0 0 0 0 0 0 0 0 0 0 728
4 0 0 0 0 16767052 0 0 0 0 0 0 0 728
1 10786 10786 10786 -10786 -10786 -10786 0 0 0 0 0 0 0 0 0 0 0 0 729
1 10536 10536 10536 -10536 -10536 -10536 0 0 0 0 0 0 0 0 0 0 0 0 730
2 0 44000 660 0 0 0 0 0 0 0 0 0 0 0 730
4 0 0 0 0 16767560 0 0 0 0 0 0 0 730
1 10286 10286 10286 -10286 -10286 -10286 0 0 0 0 0 0 0 0 0 0 0 0 731
1 10036 10036 10036 -10036 -10036 -10036 0 0 0 0 0 0 0 0 0 0 0 0 732
2 0 44400 666 0 0 0 0 0 0 0 0 0 0 0 732
4 0 0 0 0 16768068 0 0 0 0 0 0 0 732
1 9786 9786 9786 -9786 -9786 -9786 0 0 0 0 0 0 0 0 0 0 0 0 733
1 9536 9536 9536 -9536 -9536 -9536 0 0 0 0 0 0 0 0 0 0 0 0 734
2 0 44800 672 0 0 0 0 0 0 0 0 0 0 0 734
4 0 0 0 0 16768576 0 0 0 0 0 0 0 734
1 9286 9286 9286 -9286 -9286 -9286 0 0 0 0 0 0 0 0 0 0 0 0 735
1 9036 9036 9036 -9036 -9036 -9036 0 0 0 0 0 0 0 0 0 0 0 0 736
2 0 45200 678 0 0 0 0 0 0 0 0 0 0 0 736
4 0 0 0 0 16769084 0 0 0 0 0 0 0 736
1 8786 8786 8786 -8786 -8786 -8786 0 0 0 0 0 0 0 0 0 0 0 0 737
1 8536 8536 8536 -8536 -8536 -8536 0 0 0 0 0 0 0 0 0 0 0 0 738
2 0 45600 684 0 0 0 0 0 0 0 0 0 0 0 738
4 0 0 0 0 16769592 0 0 0 0 0 0 0 738
1 8286 8286 8286 -8286 -8286 -8286 0 0 0 0 0 0 0 0 0 0 0 0 739
1 8036 8036 8036 -8036 -8036 -8036 0 0 0 0 0 0 0 0 0 0 0 0 740
2 0 46000 690 0 0 0 0 0 0 0 0 0 0 0 740
4 0 0 0 0 16770100 0 0 0 0 0 0 0 740
3 0 1150 0 0 0 0 0 0 0 0 0 0 0 0 0 78 69 740
1 7786 7786 7786 -7786 -7786 -7786 0 0 0 0 0 0 0 0 0 0 0 0 741
1 7536 7536 7536 -7536 -7536 -7536 0 0 0 0 0 0 0 0 0 0 0 0 742
2 0 46400 696 0 0 0 0 0 0 0 0 0 0 0 742
4 0 0 0 0 16770608 0 0 0 0 0 0 0 742
1 7286 7286 7286 -7286 -7286 -7286 0 0 0 0 0 0 0 0 0 0 0 0 743
1 7036 7036 7036 -7036 -7036 -7036 0 0 0 0 0 0 0 0 0 0 0 0 744
2 0 46800 702 0 0 0 0 0 0 0 0 0 0 0 744
4 0 0 0 0 16771116 0 0 0 0 0 0 0 744
1 6786 6786 6786 -6786 -6786 -6786 0 0 0 0 0 0 0 0 0 0 0 0 745
1 6536 6536 6536 -6536 -6536 -6536 0 0 0 0 0 0 0 0 0 0 0 0 746
2 0 47200 708 0 0 0 0 0 0 0 0 0 0 0 746
4 0 0 0 0 16771624 0 0 0 0 0 0 0 746
1 6286 6286 6286 -6286 -6286 -6286 0 0 0 0 0 0 0 0 0 0 0 0 747
1 6036 6036 6036 -6036 -6036 -6036 0 0 0 0 0 0 0 0 0 0 0 0 748
2 0 47600 714 0 0 0 0 0 0 0 0 0 0 0 748
4 0 0 0 0 16772132 0 0 0 0 0 0 0 748
1 5786 5786 5786 -5786 -5786 -5786 0 0 0 0 0 0 0 0 0 0 0 0 749
1 5536 5536 5536 -5536 -5536 -5536 0 0 0 0 0 0 0 0 0 0 0 0 750
2 0 48000 720 0 0 0 0 0 0 0 0 0 0 0 750
4 0 0 0 0 16772640 0 0 0 0 0 0 0 750
1 5286 5286 5286 -5286 -5286 -5286 0 0 0 0 0 0 0 0 0 0 0 0 751
1 5036 5036 5036 -5036 -5036 -5036 0 0 0 0 0 0 0 0 0 0 0 0 752
2 0 48400 726 0 0 0 0 0 0 0 0 0 0 0 752
4 0 0 0 0 16773148 0 0 0 0 0 0 0 752
1 4786 4786 4786 -4786 -4786 -4786 0 0 0 0 0 0 0 0 0 0 0 0 753
1 4536 4536 4536 -4536 -4536 -4536 0 0 0 0 0 0 0 0 0 0 0 0 754
2 0 48800 732 0 0 0 0 0 0 0 0 0 0 0 754
4 0 0 0 0 16773656 0 0 0 0 0 0 0 754
1 4286 4286 4286 -4286 -4286 -4286 0 0 0 0 0 0 0 0 0 0 0 0 755
1 4036 4036 4036 -4036 -4036 -4036 0 0 0 0 0 0 0 0 0 0 0 0 756
2 0 49200 738 0 0 0 0 0 0 0 0 0 0 0 756
4 0 0 0 0 16774164 0 0 0 0 0 0 0 756
1 3786 3786 3786 -3786 -3786 -3786 0 0 0 0 0 0 0 0 0 0 0 0 757
1 3536 3536 3536 -3536 -3536 -3536 0 0 0 0 0 0 0 0 0 0 0 0 758
2 0 49600 744 0 0 0 0 0 0 0 0 0 0 0 758
4 0 0 0 0 16774672 0 0 0 0 0 0 0 758
1 3286 3286 3286 -3286 -3286 -3286 0 0 0 0 0 0 0 0 0 0 0 0 759
1 3036 3036 3036 -3036 -3036 -3036 0 0 0 0 0 0 0 0 0 0 0 0 760
2 0 50000 750 0 0 0 0 0 0 0 0 0 0 0 760
4 0 0 0 0 16775180 0 0 0 0 0 0 0 760
3 0 1250 0 0 0 0 0 0 0 0 0 0 0 0 0 78 69 760
1 2786 2786 2786 -2786 -2786 -2786 0 0 0 0 0 0 0 0 0 0 0 0 761
1 2536 2536 2536 -2536 -2536 -2536 0 0 0 0 0 0 0 0 0 0 0 0 762
2 0 50400 756 0 0 0 0 0 0 0 0 0 0 0 762
4 0 0 0 0 16775688 0 0 0 0 0 0 0 762
1 2286 2286 2286 -2286 -2286 -2286 0 0 0 0 0 0 0 0 0 0 0 0 763
1 2036 2036 2036 -2036 -2036 -2036 0 0 0 0 0 0 0 0 0 0 0 0 764
2 0 50800 762 0 0 0 0 0 0 0 0 0 0 0 764
4 0 0 0 0 16776196 0 0 0 0 0 0 0 764
1 1786 1786 1786 -1786 -1786 -1786 0 0 0 0 0 0 0 0 0 0 0 0 765
1 -250 -250 -250 250 250 250 0 0 0 0 0 0 0 0 0 0 0 0 766
2 0 200 3 0 0 0 0 0 0 0 0 0 0 0 766
4 0 0 0 0 254 0 0 0 0 0 0 0 766
1 -500 -500 -500 500 500 500 0 0 0 0 0 0 0 0 0 0 0 0 767
1 -750 -750 -750 750 750 750 0 0 0 0 0 0 0 0 0 0 0 0 768
2 0 600 9 0 0 0 0 0 0 0 0 0 0 0 768
4 0 0 0 0 762 0 0 0 0 0 0 0 768
1 -1000 -1000 -1000 1000 1000 1000 0 0 0 0 0 0 0 0 0 0 0 0 769
1 -1250 -1250 -1250 1250 1250 1250 0 0 0 0 0 0 0 0 0 0 0 0 770
2 0 1000 15 0 0 0 0 0 0 0 0 0 0 0 770
4 0 0 0 0 1270 0 0 0 0 0 0 0 770
1 -1500 -1500 -1500 1500 1500 1500 0 0 0 0 0 0 0 0 0 0 0 0 771
1 -1750 -1750 -1750 1750 1750 1750 0 0 0 0 0 0 0 0 0 0 0 0 772
2 0 1400 21 0 0 0 0 0 0 0 0 0 0 0 772
4 0 0 0 0 1778 0 0 0 0 0 0 0 772
1 -2000 -2000 -2000 2000 2000 2000 0 0 0 0 0 0 0 0 0 0 0 0 773
1 -2250 -2250 -2250 2250 2250 2250 0 0 0 0 0 0 0 0 0 0 0 0 774
2 0 1800 27 0 0 0 0 0 0 0 0 0 0 0 774
4 0 0 0 0 2286 0 0 0 0 0 0 0 774
1 -2500 -2500 -2500 2500 2500 2500 0 0 0 0 0 0 0 0 0 0 0 0 775
1 -2750 -2750 -2750 2750 2750 2750 0 0 0 0 0 0 0 0 0 0 0 0 776
2 0 2200 33 0 0 0 0 0 0 0 0 0 0 0 776
4 0 0 0 0 2794 0 0 0 0 0 0 0 776
1 -3000 -3000 -3000 3000 3000 3000 0 0 0 0 0 0 0 0 0 0 0 0 777
1 -3250 -3250 -3250 3250 3250 3250 0 0 0 0 0 0 0 0 0 0 0 0 778
2 0 2600 39 0 0 0 0 0 0 0 0 0 0 0 778
4 0 0 0 0 3302 0 0 0 0 0 0 0 778
1 -3500 -3500 -3500 3500 3500 3500 0 0 0 0 0 0 0 0 0 0 0 0 779
1 -3750 -3750 -3750 3750 3750 3750 0 0 0 0 0 0 0 0 0 0 0 0 780
2 0 3000 45 0 0 0 0 0 0 0 0 0 0 0 780
4 0 0 0 0 3810 0 0 0 0 0 0 0 780
3 0 75 0 0 0 0 0 0 0 0 0 0 0 0 0 78 69 780
1 -4000 -4000 -4000 4000 4000 4000 0 0 0 0 0 0 0 0 0 0 0 0 781
1 -4250 -4250 -4250 4250 4250 4250 0 0 0 0 0 0 0 0 0 0 0 0 782
2 0 3400 51 0 0 0 0 0 0 0 0 0 0 0 782
4 0 0 0 0 4318 0 0 0 0 0 0 0 782
1 -4500 -4500 -4500 4500 4500 4500 0 0 0 0 0 0 0 0 0 0 0 0 783
1 -4750 -4750 -4750 4750 4750 4750 0 0 0 0 0 0 0 0 0 0 0 0 784
2 0 3800 57 0 0 0 0 0 0 0 0 0 0 0 784
4 0 0 0 0 4826 0 0 0 0 0 0 0 784
1 -5000 -5000 -5000 5000 5000 5000 0 0 0 0 0 0 0 0 0 0 0 0 785
1 -5250 -5250 -5250 5250 5250 5250 0 0 0 0 0 0 0 0 0 0 0 0 786
2 0 4200 63 0 0 0 0 0 0 0 0 0 0 0 786
4 0 0 0 0 5334 0 0 0 0 0 0 0 786
1 -5500 -5500 -5500 5500 5500 5500 0 0 0 0 0 0 0 0 0 0 0 0 787
1 -5750 -5750 -5750 5750 5750 5750 0 0 0 0 0 0 0 0 0 0 0 0 788
2 0 4600 69 0 0 0 0 0 0 0 0 0 0 0 788
4 0 0 0 0 5842 0 0 0 0 0 0 0 788
1 -6000 -6000 -6000 6000 6000 6000 0 0 0 0 0 0 0 0 0 0 0 0 789
1 -6250 -6250 -6250 6250 6250 6250 0 0 0 0 0 0 0 0 0 0 0 0 790
2 0 5000 75 0 0 0 0 0 0 0 0 0 0 0 790
4 0 0 0 0 6350 0 0 0 0 0 0 0 790
1 -6500 -6500 -6500 6500 6500 6500 0 0 0 0 0 0 0 0 0 0 0 0 791
1 -6750 -6750 -6750 6750 6750 6750 0 0 0 0 0 0 0 0 0 0 0 0 792
2 0 5400 81 0 0 0 0 0 0 0 0 0 0 0 792
4 0 0 0 0 6858 0 0 0 0 0 0 0 792
1 -7000 -7000 -7000 7000 7000 7000 0 0 0 0 0 0 0 0 0 0 0 0 793
1 -7250 -7250 -7250 7250 7250 7250 0 0 0 0 0 0 0 0 0 0 0 0 794
2 0 5800 87 0 0 0 0 0 0 0 0 0 0 0 794
4 0 0 0 0 7366 0 0 0 0 0 0 0 794
1 -7500 -7500 -7500 7500 7500 7500 0 0 0 0 0 0 0 0 0 0 0 0 795
1 -7750 -7750 -7750 7750 7750 7750 0 0 0 0 0 0 0 0 0 0 0 0 796
2 0 6200 93 0 0 0 0 0 0 0 0 0 0 0 796
4 0 0 0 0 7874 0 0 0 0 0 0 0 796
1 -8000 -8000 -8000 8000 8000 8000 0 0 0 0 0 0 0 0 0 0 0 0 797
1 -8250 -8250 -8250 8250 8250 8250 0 0 0 0 0 0 0 0 0 0 0 0 798
2 0 6600 99 0 0 0 0 0 0 0 0 0 0 0 798
4 0 0 0 0 8382 0 0 0 0 0 0 0 798
1 -8500 -8500 -8500 8500 8500 8500 0 0 0 0 0 0 0 0 0 0 0 0 799
1 -8750 -8750 -8750 8750 8750 8750 0 0 0 0 0 0 0 0 0 0 0 0 800
2 0 7000 105 0 0 0 0 0 0 0 0 0 0 0 800
4 0 0 0 0 8890 0 0 0 0 0 0 0 800
3 0 175 0 0 0 0 0 0 0 0 0 0 0 0 0 78 69 800
1 -9000 -9000 -9000 9000 9000 9000 0 0 0 0 0 0 0 0 0 0 0 0 801
1 -9250 -9250 -9250 9250 9250 9250 0 0 0 0 0 0 0 0 0 0 0 0 802
2 0 7400 111 0 0 0 0 0 0 0 0 0 0 0 802
4 0 0 0 0 9398 0 0 0 0 0 0 0 802
1 -9500 -9500 -9500 9500 9500 9500 0 0 0 0 0 0 0 0 0 0 0 0 803
1 -9750 -9750 -9750 9750 9750 9750 0 0 0 0 0 0 0 0 0 0 0 0 804
2 0 7800 117 0 0 0 0 0 0 0 0 0 0 0 804
4 0 0 0 0 9906 0 0 0 0 0 0 0 804
1 -10000 -10000 -10000 10000 10000 10000 0 0 0 0 0 0 0 0 0 0 0 0 805
1 -10250 -10250 -10250 10250 10250 10250 0 0 0 0 0 0 0 0 0 0 0 0 806
2 0 8200 123 0 0 0 0 0 0 0 0 0 0 0 806
4 0 0 0 0 10414 0 0 0 0 0 0 0 806
1 -10500 -10500 -10500 10500 10500 10500 0 0 0 0 0 0 0 0 0 0 0 0 807
1 -10750 -10750 -10750 10750 10750 10750 0 0 0 0 0 0 0 0 0 0 0 0 808
2 0 8600 129 0 0 0 0 0 0 0 0 0 0 0 808
4 0 0 0 0 10922 0 0 0 0 0 0 0 808
1 -11000 -11000 -11000 11000 11000 11000 0 0 0 0 0 0 0 0 0 0 0 0 809
1 -11250 -11250 -11250 11250 11250 11250 0 0 0 0 0 0 0 0 0 0 0 0 810
2 0 9000 135 0 0 0 0 0 0 0 0 0 0 0 810
4 0 0 0 0 11430 0 0 0 0 0 0 0 810
1 -11500 -11500 -11500 11500 11500 11500 0 0 0 0 0 0 0 0 0 0 0 0 811
1 -11750 -11750 -11750 11750 11750 11750 0 0 0 0 0 0 0 0 0 0 0 0 812
2 0 9400 141 0 0 0 0 0 0 0 0 0 0 0 812
4 0 0 0 0 11938 0 0 0 0 0 0 0 812
1 -12000 -12000 -12000 12000 12000 12000 0 0 0 0 0 0 0 0 0 0 0 0 813
1 -12250 -12250 -12250 12250 12250 12250 0 0 0 0 0 0 0 0 0 0 0 0 814
2 0 9800 147 0 0 0 0 0 0 0 0 0 0 0 814
4 0 0 0 0 12446 0 0 0 0 0 0 0 814
1 -12500 -12500 -12500 12500 12500 12500 0 0 0 0 0 0 0 0 0 0 0 0 815
1 -12750 -12750 -12750 12750 12750 12750 0 0 0 0 0 0 0 0 0 0 0 0 816
2 0 10200 153 0 0 0 0 0 0 0 0 0 0 0 816
4 0 0 0 0 12954 0 0 0 0 0 0 0 816
1 -13000 -13000 -13000 13000 13000 13000 0 0 0 0 0 0 0 0 0 0 0 0 817
1 -13250 -13250 -13250 13250 13250 13250 0 0 0 0 0 0 0 0 0 0 0 0 818
2 0 10600 159 0 0 0 0 0 0 0 0 0 0 0 818
4 0 0 0 0 13462 0 0 0 0 0 0 0 818
1 -13500 -13500 -13500 13500 13500 13500 0 0 0 0 0 0 0 0 0 0 0 0 819
1 -13750 -13750 -13750 13750 13750 13750 0 0 0 0 0 0 0 0 0 0 0 0 820
2 0 11000 165 0 0 0 0 0 0 0 0 0 0 0 820
4 0 0 0 0 13970 0 0 0 0 0 0 0 820
3 0 275 0 0 0 0 0 0 0 0 0 0 0 0 0 78 69 820
1 -14000 -14000 -14000 14000 14000 14000 0 0 0 0 0 0 0 0 0 0 0 0 821
1 -14250 -14250 -14250 14250 14250 14250 0 0 0 0 0 0 0 0 0 0 0 0 822
2 0 11400 171 0 0 0 0 0 0 0 0 0 0 0 822
4 0 0 0 0 14478 0 0 0 0 0 0 0 822
1 -14500 -14500 -14500 14500 14500 14500 0 0 0 0 0 0 0 0 0 0 0 0 823
1 -14750 -14750 -14750 14750 14750 14750 0 0 0 0 0 0 0 0 0 0 0 0 824
2 0 11800 177 0 0 0 0 0 0 0 0 0 0 0 824
4 0 0 0 0 14986 0 0 0 0 0 0 0 824
1 -15000 -15000 -15000 15000 15000 15000 0 0 0 0 0 0 0 0 0 0 0 0 825
1 -15250 -15250 -15250 15250 15250 15250 0 0 0 0 0 0 0 0 0 0 0 0 826
2 0 12200 183 0 0 0 0 0 0 0 0 0 0 0 826
4 0 0 0 0 15494 0 0 0 0 0 0 0 826
1 -15500 -15500 -15500 15500 15500 15500 0 0 0 0 0 0 0 0 0 0 0 0 827
1 -15750 -15750 -15750 15750 15750 15750 0 0 0 0 0 0 0 0 0 0 0 0 828
2 0 12600 189 0 0 0 0 0 0 0 0 0 0 0 828
4 0 0 0 0 16002 0 0 0 0 0 0 0 828
1 -16000 -16000 -16000 16000 16000 16000 0 0 0 0 0 0 0 0 0 0 0 0 829
1 -16250 -16250 -16250 16250 16250 16250 0 0 0 0 0 0 0 0 0 0 0 0 830
2 0 13000 195 0 0 0 0 0 0 0 0 0 0 0 830
4 0 0 0 0 16510 0 0 0 0 0 0 0 830
1 -16500 -16500 -16500 16500 16500 16500 0 0 0 0 0 0 0 0 0 0 0 0 831
1 -16750 -16750 -16750 16750 16750 16750 0 0 0 0 0 0 0 0 0 0 0 0 832
2 0 13400 201 0 0 0 0 0 0 0 0 0 0 0 832
4 0 0 0 0 17018 0 0 0 0 0 0 0 832
1 -17000 -17000 -17000 17000 17000 17000 0 0 0 0 0 0 0 0 0 0 0 0 833
1 -17250 -17250 -17250 17250 17250 17250 0 0 0 0 0 0 0 0 0 0 0 0 834
2 0 13800 207 0 0 0 0 0 0 0 0 0 0 0 834
4 0 0 0 0 17526 0 0 0 0 0 0 0 834
1 -17500 -17500 -17500 17500 17500 17500 0 0 0 0 0 0 0 0 0 0 0 0 835
1 -17750 -17750 -17750 17750 17750 17750 0 0 0 0 0 0 0 0 0 0 0 0 836
2 0 14200 213 0 0 0 0 0 0 0 0 0 0 0 836
4 0 0 0 0 18034 0 0 0 0 0 0 0 836
1 -18000 -18000 -18000 18000 18000 18000 0 0 0 0 0 0 0 0 0 0 0 0 837
1 -18250 -18250 -18250 18250 18250 18250 0 0 0 0 0 0 0 0 0 0 0 0 838
2 0 14600 219 0 0 0 0 0 0 0 0 0 0 0 838
4 0 0 0 0 18542 0 0 0 0 0 0 0 838
1 -18500 -18500 -18500 18500 18500 18500 0 0 0 0 0 0 0 0 0 0 0 0 839
1 -18750 -18750 -18750 18750 18750 18750 0 0 0 0 0 0 0 0 0 0 0 0 840
2 0 15000 225 0 0 0 0 0 0 0 0 0 0 0 840
4 0 0 0 0 19050 0 0 0 0 0 0 0 840
3 0 375 0 0 0 0 0 0 0 0 0 0 0 0 0 78 69 840
1 -19000 -19000 -19000 19000 19000 19000 0 0 0 0 0 0 0 0 0 0 0 0 841
1 -19250 -19250 -19250 19250 19250 19250 0 0 0 0 0 0 0 0 0 0 0 0 842
2 0 15400 231 0 0 0 0 0 0 0 0 0 0 0 842
4 0 0 0 0 19558 0 0 0 0 0 0 0 842
1 -19500 -19500 -19500 19500 19500 19500 0 0 0 0 0 0 0 0 0 0 0 0 843
1 -19750 -19750 -19750 19750 19750 19750 0 0 0 0 0 0 0 0 0 0 0 0 844
2 0 15800 237 0 0 0 0 0 0 0 0 0 0 0 844
4 0 0 0 0 20066 0 0 0 0 0 0 0 844
1 -20000 -20000 -20000 20000 20000 20000 0 0 0 0 0 0 0 0 0 0 0 0 845
1 -20250 -20250 -20250 20250 20250 20250 0 0 0 0 0 0 0 0 0 0 0 0 846
2 0 16200 243 0 0 0 0 0 0 0 0 0 0 0 846
4 0 0 0 0 20574 0 0 0 0 0 0 0 846
1 -20500 -20500 -20500 20500 20500 20500 0 0 0 0 0 0 0 0 0 0 0 0 847
1 -20750 -20750 -20750 20750 20750 20750 0 0 0 0 0 0 0 0 0 0 0 0 848
2 0 16600 249 0 0 0 0 0 0 0 0 0 0 0 848
4 0 0 0 0 21082 0 0 0 0 0 0 0 848
1 -21000 -21000 -21000 21000 21000 21000 0 0 0 0 0 0 0 0 0 0 0 0 849
1 -21250 -21250 -21250 21250 21250 21250 0 0 0 0 0 0 0 0 0 0 0 0 850
2 0 17000 255 0 0 0 0 0 0 0 0 0 0 0 850
4 0 0 0 0 21590 0 0 0 0 0 0 0 850
1 -21500 -21500 -21500 21500 21500 21500 0 0 0 0 0 0 0 0 0 0 0 0 851
1 -21750 -21750 -21750 21750 21750 21750 0 0 0 0 0 0 0 0 0 0 0 0 852
2 0 17400 261 0 0 0 0 0 0 0 0 0 0 0 852
4 0 0 0 0 22098 0 0 0 0 0 0 0 852
1 -22000 -22000 -22000 22000 22000 22000 0 0 0 0 0 0 0 0 0 0 0 0 853
1 -22250 -22250 -22250 22250 22250 22250 0 0 0 0 0 0 0 0 0 0 0 0 854
2 0 17800 267 0 0 0 0 0 0 0 0 0 0 0 854
4 0 0 0 0 22606 0 0 0 0 0 0 0 854
1 -22500 -22500 -22500 22500 22500 22500 0 0 0 0 0 0 0 0 0 0 0 0 855
1 -22750 -22750 -22750 22750 22750 22750 0 0 0 0 0 0 0 0 0 0 0 0 856
2 0 18200 273 0 0 0 0 0 0 0 0 0 0 0 856
4 0 0 0 0 23114 0 0 0 0 0 0 0 856
1 -23000 -23000 -23000 23000 23000 23000 0 0 0 0 0 0 0 0 0 0 0 0 857
1 -23250 -23250 -23250 23250 23250 23250 0 0 0 0 0 0 0 0 0 0 0 0 858
2 0 18600 279 0 0 0 0 0 0 0 0 0 0 0 858
4 0 0 0 0 23622 0 0 0 0 0 0 0 858
1 -23500 -23500 -23500 23500 23500 23500 0 0 0 0 0 0 0 0 0 0 0 0 859
1 -23750 -23750 -23750 23750 23750 23750 0 0 0 0 0 0 0 0 0 0 0 0 860
2 0 19000 285 0 0 0 0 0 0 0 0 0 0 0 860
4 0 0 0 0 24130 0 0 0 0 0 0 0 860
3 0 475 0 0 0 0 0 0 0 0 0 0 0 0 0 78 69 860
1 -24000 -24000 -24000 24000 24000 24000 0 0 0 0 0 0 0 0 0 0 0 0 861
1 -24250 -24250 -24250 24250 24250 24250 0 0 0 0 0 0 0 0 0 0 0 0 862
2 0 19400 291 0 0 0 0 0 0 0 0 0 0 0 862
4 0 0 0 0 24638 0 0 0 0 0 0 0 862
1 -24500 -24500 -24500 24500 24500 24500 0 0 0 0 0 0 0 0 0 0 0 0 863
1 -24750 -24750 -24750 24750 24750 24750 0 0 0 0 0 0 0 0 0 0 0 0 864
2 0 19800 297 0 0 0 0 0 0 0 0 0 0 0 864
4 0 0 0 0 25146 0 0 0 0 0 0 0 864
1 -25000 -25000 -25000 25000 25000 25000 0 0 0 0 0 0 0 0 0 0 0 0 865
1 -25250 -25250 -25250 25250 25250 25250 0 0 0 0 0 0 0 0 0 0 0 0 866
2 0 20200 303 0 0 0 0 0 0 0 0 0 0 0 866
4 0 0 0 0 25654 0 0 0 0 0 0 0 866
1 -25500 -25500 -25500 25500 25500 25500 0 0 0 0 0 0 0 0 0 0 0 0 867
1 -25750 -25750 -25750 25750 25750 25750 0 0 0 0 0 0 0 0 0 0 0 0 868
2 0 20600 309 0 0 0 0 0 0 0 0 0 0 0 868
4 0 0 0 0 26162 0 0 0 0 0 0 0 868
1 -26000 -26000 -26000 26000 26000 26000 0 0 0 0 0 0 0 0 0 0 0 0 869
1 -26250 -26250 -26250 26250 26250 26250 0 0 0 0 0 0 0 0 0 0 0 0 870
2 0 21000 315 0 0 0 0 0 0 0 0 0 0 0 870
4 0 0 0 0 26670 0 0 0 0 0 0 0 870
1 -26500 -26500 -26500 26500 26500 26500 0 0 0 0 0 0 0 0 0 0 0 0 871
1 -26750 -26750 -26750 26750 26750 26750 0 0 0 0 0 0 0 0 0 0 0 0 872
2 0 21400 321 0 0 0 0 0 0 0 0 0 0 0 872
4 0 0 0 0 27178 0 0 0 0 0 0 0 872
1 -27000 -27000 -27000 27000 27000 27000 0 0 0 0 0 0 0 0 0 0 0 0 873
1 -27250 -27250 -27250 27250 27250 27250 0 0 0 0 0 0 0 0 0 0 0 0 874
2 0 21800 327 0 0 0 0 0 0 0 0 0 0 0 874
4 0 0 0 0 27686 0 0 0 0 0 0 0 874
1 -27500 -27500 -27500 27500 27500 27500 0 0 0 0 0 0 0 0 0 0 0 0 875
1 -27750 -27750 -27750 27750 27750 27750 0 0 0 0 0 0 0 0 0 0 0 0 876
2 0 22200 333 0 0 0 0 0 0 0 0 0 0 0 876
4 0 0 0 0 28194 0 0 0 0 0 0 0 876
1 -28000 -28000 -28000 28000 28000 28000 0 0 0 0 0 0 0 0 0 0 0 0 877
1 -28250 -28250 -28250 28250 28250 28250 0 0 0 0 0 0 0 0 0 0 0 0 878
2 0 22600 339 0 0 0 0 0 0 0 0 0 0 0 878
4 0 0 0 0 28702 0 0 0 0 0 0 0 878
1 -28500 -28500 -28500 28500 28500 28500 0 0 0 0 0 0 0 0 0 0 0 0 879
1 -28750 -28750 -28750 28750 28750 28750 0 0 0 0 0 0 0 0 0 0 0 0 880
2 0 23000 345 0 0 0 0 0 0 0 0 0 0 0 880
4 0 0 0 0 29210 0 0 0 0 0 0 0 880
3 0 575 0 0 0 0 0 0 0 0 0 0 0 0 0 78 69 880
1 -29000 -29000 -29000 29000 29000 29000 0 0 0 0 0 0 0 0 0 0 0 0 881
1 -29250 -29250 -29250 29250 29250 29250 0 0 0 0 0 0 0 0 0 0 0 0 882
2 0 23400 351 0 0 0 0 0 0 0 0 0 0 0 882
4 0 0 0 0 29718 0 0 0 0 0 0 0 882
1 -29500 -29500 -29500 29500 29500 29500 0 0 0 0 0 0 0 0 0 0 0 0 883
1 -29750 -29750 -29750 29750 29750 29750 0 0 0 0 0 0 0 0 0 0 0 0 884
2 0 23800 357 0 0 0 0 0 0 0 0 0 0 0 884
4 0 0 0 0 30226 0 0 0 0 0 0 0 884
1 -30000 -30000 -30000 30000 30000 30000 0 0 0 0 0 0 0 0 0 0 0 0 885
1 -30250 -30250 -30250 30250 30250 30250 0 0 0 0 0 0 0 0 0 0 0 0 886
2 0 24200 363 0 0 0 0 0 0 0 0 0 0 0 886
4 0 0 0 0 30734 0 0 0 0 0 0 0 886
1 -30500 -30500 -30500 30500 30500 30500 0 0 0 0 0 0 0 0 0 0 0 0 887
1 -30750 -30750 -30750 30750 30750 30750 0 0 0 0 0 0 0 0 0 0 0 0 888
2 0 24600 369 0 0 0 0 0 0 0 0 0 0 0 888
4 0 0 0 0 31242 0 0 0 0 0 0 0 888
1 -31000 -31000 -31000 31000 31000 31000 0 0 0 0 0 0 0 0 0 0 0 0 889
1 -31250 -31250 -31250 31250 31250 31250 0 0 0 0 0 0 0 0 0 0 0 0 890
2 0 25000 375 0 0 0 0 0 0 0 0 0 0 0 890
4 0 0 0 0 31750 0 0 0 0 0 0 0 890
1 -31500 -31500 -31500 31500 31500 31500 0 0 0 0 0 0 0 0 0 0 0 0 891
1 -31750 -31750 -31750 31750 31750 31750 0 0 0 0 0 0 0 0 0 0 0 0 892
2 0 25400 381 0 0 0 0 0 0 0 0 0 0 0 892
4 0 0 0 0 32258 0 0 0 0 0 0 0 892
1 -32000 -32000 -32000 32000 32000 32000 0 0 0 0 0 0 0 0 0 0 0 0 893
1 -32250 -32250 -32250 32250 32250 32250 0 0 0 0 0 0 0 0 0 0 0 0 894
2 0 25800 387 0 0 0 0 0 0 0 0 0 0 0 894
4 0 0 0 0 32766 0 0 0 0 0 0 0 894
1 -32500 -32500 -32500 32500 32500 32500 0 0 0 0 0 0 0 0 0 0 0 0 895
1 -32750 -32750 -32750 32750 32750 32750 0 0 0 0 0 0 0 0 0 0 0 0 896
2 0 26200 393 0 0 0 0 0 0 0 0 0 0 0 896
4 0 0 0 0 16744954 0 0 0 0 0 0 0 896
1 32536 32536 32536 -32536 -32536 -32536 0 0 0 0 0 0 0 0 0 0 0 0 897
1 32286 32286 32286 -32286 -32286 -32286 0 0 0 0 0 0 0 0 0 0 0 0 898
2 0 26600 399 0 0 0 0 0 0 0 0 0 0 0 898
4 0 0 0 0 16745462 0 0 0 0 0 0 0 898
1 32036 32036 32036 -32036 -32036 -32036 0 0 0 0 0 0 0 0 0 0 0 0 899
1 31786 31786 31786 -31786 -31786 -31786 0 0 0 0 0 0 0 0 0 0 0 0 900
2 0 27000 405 0 0 0 0 0 0 0 0 0 0 0 900
4 0 0 0 0 16745970 0 0 0 0 0 0 0 900
3 0 675 0 0 0 0 0 0 0 0 0 0 0 0 0 78 69 900
1 31536 31536 31536 -31536 -31536 -31536 0 0 0 0 0 0 0 0 0 0 0 0 901
1 31286 31286 31286 -31286 -31286 -31286 0 0 0 0 0 0 0 0 0 0 0 0 902
2 0 27400 411 0 0 0 0 0 0 0 0 0 0 0 902
4 0 0 0 0 16746478 0 0 0 0 0 0 0 902
1 31036 31036 31036 -31036 -31036 -31036 0 0 0 0 0 0 0 0 0 0 0 0 903
1 30786 30786 30786 -30786 -30786 -30786 0 0 0 0 0 0 0 0 0 0 0 0 904
2 0 27800 417 0 0 0 0 0 0 0 0 0 0 0 904
4 0 0 0 0 16746986 0 0 0 0 0 0 0 904
1 30536 30536 30536 -30536 -30536 -30536 0 0 0 0 0 0 0 0 0 0 0 0 905
1 30286 30286 30286 -30286 -30286 -30286 0 0 0 0 0 0 0 0 0 0 0 0 906
2 0 28200 423 0 0 0 0 0 0 0 0 0 0 0 906
4 0 0 0 0 16747494 0 0 0 0 0 0 0 906
1 30036 30036 30036 -30036 -30036 -30036 0 0 0 0 0 0 0 0 0 0 0 0 907
1 29786 29786 29786 -29786 -29786 -29786 0 0 0 0 0 0 0 0 0 0 0 0 908
2 0 28600 429 0 0 0 0 0 0 0 0 0 0 0 908
4 0 0 0 0 16748002 0 0 0 0 0 0 0 908
1 29536 29536 29536 -29536 -29536 -29536 0 0 0 0 0 0 0 0 0 0 0 0 909
1 29286 29286 29286 -29286 -29286 -29286 0 0 0 0 0 0 0 0 0 0 0 0 910
2 0 29000 435 0 0 0 0 0 0 0 0 0 0 0 910
4 0 0 0 0 16748510 0 0 0 0 0 0 0 910
1 29036 29036 29036 -29036 -29036 -29036 0 0 0 0 0 0 0 0 0 0 0 0 911
1 28786 28786 28786 -28786 -28786 -28786 0 0 0 0 0 0 0 0 0 0 0 0 912
2 0 29400 441 0 0 0 0 0 0 0 0 0 0 0 912
4 0 0 0 0 16749018 0 0 0 0 0 0 0 912
1 28536 28536 28536 -28536 -28536 -28536 0 0 0 0 0 0 0 0 0 0 0 0 913
1 28286 28286 28286 -28286 -28286 -28286 0 0 0 0 0 0 0 0 0 0 0 0 914
2 0 29800 447 0 0 0 0 0 0 0 0 0 0 0 914
4 0 0 0 0 16749526 0 0 0 0 0 0 0 914
1 28036 28036 28036 -28036 -28036 -28036 0 0 0 0 0 0 0 0 0 0 0 0 915
1 27786 27786 27786 -27786 -27786 -27786 0 0 0 0 0 0 0 0 0 0 0 0 916
2 0 30200 453 0 0 0 0 0 0 0 0 0 0 0 916
4 0 0 0 0 16750034 0 0 0 0 0 0 0 916
1 27536 27536 27536 -27536 -27536 -27536 0 0 0 0 0 0 0 0 0 0 0 0 917
1 27286 27286 27286 -27286 -27286 -27286 0 0 0 0 0 0 0 0 0 0 0 0 918
2 0 30600 459 0 0 0 0 0 0 0 0 0 0 0 918
4 0 0 0 0 16750542 0 0 0 0 0 0 0 918
1 27036 27036 27036 -27036 -27036 -27036 0 0 0 0 0 0 0 0 0 0 0 0 919
1 26786 26786 26786 -26786 -26786 -26786 0 0 0 0 0 0 0 0 0 0 0 0 920
2 0 31000 465 0 0 0 0 0 0 0 0 0 0 0 920
4 0 0 0 0 16751050 0 0 0 0 0 0 0 920
3 0 775 0 0 0 0 0 0 0 0 0 0 0 0 0 78 69 920
1 26536 26536 26536 -26536 -26536 -26536 0 0 0 0 0 0 0 0 0 0 0 0 921
1 26286 26286 26286 -26286 -26286 -26286 0 0 0 0 0 0 0 0 0 0 0 0 922
2 0 31400 471 0 0 0 0 0 0 0 0 0 0 0 922
4 0 0 0 0 16751558 0 0 0 0 0 0 0 922
1 26036 26036 26036 -26036 -26036 -26036 0 0 0 0 0 0 0 0 0 0 0 0 923
1 25786 25786 25786 -25786 -25786 -25786 0 0 0 0 0 0 0 0 0 0 0 0 924
2 0 31800 477 0 0 0 0 0 0 0 0 0 0 0 924
4 0 0 0 0 16752066 0 0 0 0 0 0 0 924
1 25536 25536 25536 -25536 -25536 -25536 0 0 0 0 0 0 0 0 0 0 0 0 925
1 25286 25286 25286 -25286 -25286 -25286 0 0 0 0 0 0 0 0 0 0 0 0 926
2 0 32200 483 0 0 0 0 0 0 0 0 0 0 0 926
4 0 0 0 0 16752574 0 0 0 0 0 0 0 926
1 25036 25036 25036 -25036 -25036 -25036 0 0 0 0 0 0 0 0 0 0 0 0 927
1 24786 24786 24786 -24786 -24786 -24786 0 0 0 0 0 0 0 0 0 0 0 0 928
2 0 32600 489 0 0 0 0 0 0 0 0 0 0 0 928
4 0 0 0 0 16753082 0 0 0 0 0 0 0 928
1 24536 24536 24536 -24536 -24536 -24536 0 0 0 0 0 0 0 0 0 0 0 0 929
1 24286 24286 24286 -24286 -24286 -24286 0 0 0 0 0 0 0 0 0 0 0 0 930
2 0 33000 495 0 0 0 0 0 0 0 0 0 0 0 930
4 0 0 0 0 16753590 0 0 0 0 0 0 0 930
1 24036 24036 24036 -24036 -24036 -24036 0 0 0 0 0 0 0 0 0 0 0 0 931
1 23786 23786 23786 -23786 -23786 -23786 0 0 0 0 0 0 0 0 0 0 0 0 932
2 0 33400 501 0 0 0 0 0 0 0 0 0 0 0 932
4 0 0 0 0 16754098 0 0 0 0 0 0 0 932
1 23536 23536 23536 -23536 -23536 -23536 0 0 0 0 0 0 0 0 0 0 0 0 933
1 23286 23286 23286 -23286 -23286 -23286 0 0 0 0 0 0 0 0 0 0 0 0 934
2 0 33800 507 0 0 0 0 0 0 0 0 0 0 0 934
4 0 0 0 0 16754606 0 0 0 0 0 0 0 934
1 23036 23036 23036 -23036 -23036 -23036 0 0 0 0 0 0 0 0 0 0 0 0 935
1 22786 22786 22786 -22786 -22786 -22786 0 0 0 0 0 0 0 0 0 0 0 0 936
2 0 34200 513 0 0 0 0 0 0 0 0 0 0 0 936
4 0 0 0 0 16755114 0 0 0 0 0 0 0 936
1 22536 22536 22536 -22536 -22536 -22536 0 0 0 0 0 0 0 0 0 0 0 0 937
1 22286 22286 22286 -22286 -22286 -22286 0 0 0 0 0 0 0 0 0 0 0 0 938
2 0 34600 519 0 0 0 0 0 0 0 0 0 0 0 938
4 0 0 0 0 16755622 0 0 0 0 0 0 0 938
1 22036 22036 22036 -22036 -22036 -22036 0 0 0 0 0 0 0 0 0 0 0 0 939
1 21786 21786 21786 -21786 -21786 -21786 0 0 0 0 0 0 0 0 0 0 0 0 940
2 0 35000 525 0 0 0 0 0 0 0 0 0 0 0 940
4 0 0 0 0 16756130 0 0 0 0 0 0 0 940
3 0 875 0 0 0 0 0 0 0 0 0 0 0 0 0 78 69 940
1 21536 21536 21536 -21536 -21536 -21536 0 0 0 0 0 0 0 0 0 0 0 0 941
1 21286 21286 21286 -21286 -21286 -21286 0 0 0 0 0 0 0 0 0 0 0 0 942
2 0 35400 531 0 0 0 0 0 0 0 0 0 0 0 942
4 0 0 0 0 16756638 0 0 0 0 0 0 0 942
1 21036 21036 21036 -21036 -21036 -21036 0 0 0 0 0 0 0 0 0 0 0 0 943
1 20786 20786 20786 -20786 -20786 -20786 0 0 0 0 0 0 0 0 0 0 0 0 944
2 0 35800 537 0 0 0 0 0 0 0 0 0 0 0 944
4 0 0 0 0 16757146 0 0 0 0 0 0 0 944
1 20536 20536 20536 -20536 -20536 -20536 0 0 0 0 0 0 0 0 0 0 0 0 945
1 20286 20286 20286 -20286 -20286 -20286 0 0 0 0 0 0 0 0 0 0 0 0 946
2 0 36200 543 0 0 0 0 0 0 0 0 0 0 0 946
4 0 0 0 0 16757654 0 0 0 0 0 0 0 946
1 20036 20036 20036 -20036 -20036 -20036 0 0 0 0 0 0 0 0 0 0 0 0 947
1 19786 19786 19786 -19786 -19786 -19786 0 0 0 0 0 0 0 0 0 0 0 0 948
2 0 36600 549 0 0 0 0 0 0 0 0 0 0 0 948
4 0 0 0 0 16758162 0 0 0 0 0 0 0 948
1 19536 19536 19536 -19536 -19536 -19536 0 0 0 0 0 0 0 0 0 0 0 0 949
1 19286 19286 19286 -19286 -19286 -19286 0 0 0 0 0 0 0 0 0 0 0 0 950
2 0 37000 555 0 0 0 0 0 0 0 0 0 0 0 950
4 0 0 0 0 16758670 0 0 0 0 0 0 0 950
1 19036 19036 19036 -19036 -19036 -19036 0 0 0 0 0 0 0 0 0 0 0 0 951
1 18786 18786 18786 -18786 -18786 -18786 0 0 0 0 0 0 0 0 0 0 0 0 952
2 0 37400 561 0 0 0 0 0 0 0 0 0 0 0 952
4 0 0 0 0 16759178 0 0 0 0 0 0 0 952
1 18536 18536 18536 -18536 -18536 -18536 0 0 0 0 0 0 0 0 0 0 0 0 953
1 18286 18286 18286 -18286 -18286 -18286 0 0 0 0 0 0 0 0 0 0 0 0 954
2 0 37800 567 0 0 0 0 0 0 0 0 0 0 0 954
